1.835122680664062500e+02
1.443074493408203125e+02
3.605481872558593750e+02
4.676458129882812500e+02
2.868103942871093750e+02
1.518412017822265625e+02
2.463524169921875000e+02
2.918770446777343750e+02
2.687640991210937500e+02
8.514917602539062500e+02
4.018682250976562500e+02
2.340780944824218750e+02
9.859625244140625000e+01
4.651742553710937500e+02
2.217830810546875000e+02
3.234860229492187500e+02
4.725042724609375000e+02
1.854703369140625000e+02
4.312093200683593750e+02
2.262712402343750000e+02
3.784384155273437500e+02
2.021551971435546875e+02
4.560475463867187500e+02
4.282982788085937500e+02
3.430628967285156250e+02
1.419411621093750000e+02
2.716572875976562500e+02
3.642326965332031250e+02
5.908728027343750000e+02
4.037737426757812500e+02
4.178071594238281250e+02
2.615703735351562500e+02
3.714430541992187500e+02
6.546317138671875000e+02
4.377671203613281250e+02
3.496499938964843750e+02
9.171495819091796875e+01
4.170110473632812500e+02
1.746363525390625000e+02
3.390701293945312500e+02
1.174425277709960938e+02
4.607210693359375000e+02
2.132216033935546875e+02
4.844972839355468750e+02
3.067394714355468750e+02
2.772954711914062500e+02
6.441002807617187500e+02
1.251258239746093750e+02
1.522274322509765625e+02
3.953092346191406250e+02
1.461380004882812500e+02
3.958254089355468750e+02
5.808582153320312500e+02
4.452796020507812500e+02
4.551334228515625000e+02
1.937742919921875000e+02
4.343827819824218750e+02
1.964291534423828125e+02
2.035725402832031250e+02
6.874341583251953125e+01
2.540029754638671875e+02
3.608215637207031250e+02
2.126647644042968750e+02
2.243672485351562500e+02
1.360564727783203125e+02
3.513570861816406250e+02
3.042418212890625000e+02
7.596577453613281250e+01
2.380850067138671875e+02
2.011077880859375000e+02
1.492095794677734375e+02
3.511236572265625000e+02
1.823993530273437500e+02
2.808437194824218750e+02
2.058238067626953125e+02
4.046658020019531250e+02
4.929296875000000000e+02
3.820590515136718750e+02
2.635407409667968750e+02
3.409492492675781250e+02
3.528347167968750000e+02
3.558002014160156250e+02
4.554476013183593750e+02
3.098126831054687500e+02
5.335963134765625000e+02
1.100838928222656250e+02
4.894680175781250000e+02
2.783284301757812500e+02
2.133429260253906250e+02
3.006064453125000000e+02
3.366071472167968750e+02
3.181711425781250000e+02
3.453759765625000000e+02
6.670574951171875000e+02
1.174535217285156250e+02
2.143520507812500000e+02
1.469547119140625000e+02
2.632355651855468750e+02
2.456944732666015625e+02
4.063265686035156250e+02
4.930509338378906250e+02
2.292139129638671875e+02
3.253344116210937500e+02
2.314805908203125000e+02
5.080862426757812500e+02
2.675555114746093750e+02
1.866251678466796875e+02
5.303423461914062500e+02
3.170835266113281250e+02
4.205362243652343750e+02
1.924394531250000000e+02
2.922337036132812500e+02
4.446273193359375000e+02
3.217391662597656250e+02
2.722977600097656250e+02
3.227715454101562500e+02
5.329747314453125000e+02
5.153249511718750000e+02
3.758807067871093750e+02
5.153249511718750000e+02
6.333721313476562500e+02
4.485090026855468750e+02
2.722715148925781250e+02
3.534975280761718750e+02
1.986928405761718750e+02
2.432113952636718750e+02
3.248655395507812500e+02
2.358755950927734375e+02
1.158076858520507812e+02
3.227715454101562500e+02
6.938186645507812500e+02
7.104516601562500000e+01
3.161037597656250000e+02
3.217391662597656250e+02
2.358755950927734375e+02
3.161037597656250000e+02
3.356203613281250000e+02
2.437926177978515625e+02
3.004309387207031250e+02
3.213506774902343750e+02
5.234999084472656250e+01
3.938824768066406250e+02
3.004309387207031250e+02
3.693299560546875000e+02
4.702994079589843750e+02
3.534975280761718750e+02
7.276549682617187500e+02
5.666281890869140625e+01
1.240862426757812500e+02
4.270499267578125000e+02
4.446273193359375000e+02
4.516903686523437500e+02
4.270499267578125000e+02
1.923399963378906250e+02
4.801659851074218750e+02
3.227438964843750000e+02
5.666281890869140625e+01
2.985148010253906250e+02
7.471225585937500000e+02
3.462141113281250000e+02
2.887239990234375000e+02
7.276549682617187500e+02
1.158076858520507812e+02
2.231482391357421875e+02
3.356203613281250000e+02
3.693299560546875000e+02
3.772330932617187500e+02
4.302033996582031250e+02
7.104516601562500000e+01
2.437926177978515625e+02
1.896479949951171875e+02
5.173173828125000000e+02
3.070507202148437500e+02
1.986928405761718750e+02
3.213506774902343750e+02
1.715730285644531250e+02
3.039089355468750000e+02
1.928543090820312500e+02
1.923399963378906250e+02
7.471225585937500000e+02
3.938824768066406250e+02
4.302033996582031250e+02
1.918049621582031250e+02
3.386231079101562500e+02
2.432113952636718750e+02
4.801659851074218750e+02
3.386231079101562500e+02
5.891718139648437500e+02
5.891718139648437500e+02
5.173173828125000000e+02
3.039089355468750000e+02
6.333721313476562500e+02
1.164143447875976562e+02
3.462141113281250000e+02
3.758807067871093750e+02
3.227438964843750000e+02
3.772330932617187500e+02
1.240862426757812500e+02
4.485090026855468750e+02
5.234999084472656250e+01
2.231482391357421875e+02
1.715730285644531250e+02
2.010358734130859375e+02
3.070507202148437500e+02
4.702994079589843750e+02
2.010358734130859375e+02
6.938186645507812500e+02
2.722977600097656250e+02
3.248655395507812500e+02
5.329747314453125000e+02
