2.996705932617187500e+02
1.071223831176757812e+02
1.399590606689453125e+02
1.293448791503906250e+02
1.131948394775390625e+02
1.996539306640625000e+02
1.350682983398437500e+02
2.745710754394531250e+02
8.351440429687500000e+01
5.895181274414062500e+01
3.742817993164062500e+02
1.542535858154296875e+02
1.821500549316406250e+02
3.268847351074218750e+02
8.484314727783203125e+01
3.575274658203125000e+02
5.950748291015625000e+02
1.025206222534179688e+02
1.025206222534179688e+02
5.950748291015625000e+02
