2.208276214599609375e+02
9.548971557617187500e+01
2.397796020507812500e+02
5.107271957397460938e+01
9.405409240722656250e+01
8.194493103027343750e+01
1.819661712646484375e+02
1.038674697875976562e+02
8.683147430419921875e+01
1.491525726318359375e+02
4.484127807617187500e+01
1.098947830200195312e+02
1.887792816162109375e+02
8.649393463134765625e+01
2.920071716308593750e+02
1.351421203613281250e+02
6.381017684936523438e+01
5.830921173095703125e+01
1.650977630615234375e+02
1.953182067871093750e+02
1.200446777343750000e+02
1.960126495361328125e+02
1.535152282714843750e+02
5.257619857788085938e+01
1.417788543701171875e+02
5.199092483520507812e+01
7.262446594238281250e+01
8.759380340576171875e+01
5.993466949462890625e+01
1.905903625488281250e+02
1.456982116699218750e+02
1.608165435791015625e+02
1.240814514160156250e+02
6.566359710693359375e+01
4.299212265014648438e+01
1.442944030761718750e+02
