2.213774719238281250e+02
9.550135803222656250e+01
2.356964721679687500e+02
9.526199340820312500e+01
4.988280868530273438e+01
1.311493835449218750e+02
1.800104827880859375e+02
8.413803863525390625e+01
1.039061737060546875e+02
8.868673706054687500e+01
1.484313354492187500e+02
4.386348724365234375e+01
1.879415740966796875e+02
8.721127319335937500e+01
5.778878784179687500e+01
1.341765441894531250e+02
6.488160705566406250e+01
2.607537231445312500e+02
2.922742309570312500e+02
1.540473480224609375e+02
1.937600555419921875e+02
1.183520812988281250e+02
1.910648956298828125e+02
1.461369934082031250e+02
5.318564224243164062e+01
7.258489990234375000e+01
5.988905715942382812e+01
1.239462509155273438e+02
1.604636840820312500e+02
6.707008361816406250e+01
4.298863983154296875e+01
1.424763793945312500e+02
