1.827716369628906250e+02
1.465780029296875000e+02
3.606666564941406250e+02
2.862728271484375000e+02
1.477528381347656250e+02
2.475916290283203125e+02
2.687630615234375000e+02
2.881441345214843750e+02
8.580675048828125000e+02
4.007518920898437500e+02
9.905551147460937500e+01
4.640933227539062500e+02
2.216433715820312500e+02
3.246993408203125000e+02
4.567996215820312500e+02
1.840574645996093750e+02
2.256145935058593750e+02
3.780212707519531250e+02
2.024966430664062500e+02
4.250289611816406250e+02
2.950191955566406250e+02
4.335901489257812500e+02
3.447883300781250000e+02
1.675773773193359375e+02
1.430381011962890625e+02
4.557882080078125000e+02
3.308973693847656250e+02
3.629342041015625000e+02
4.008125610351562500e+02
7.493482208251953125e+01
2.622123718261718750e+02
5.832785034179687500e+02
2.716000366210937500e+02
3.488522949218750000e+02
6.513646240234375000e+02
3.354826049804687500e+02
3.731683959960937500e+02
4.585315246582031250e+02
1.697733154296875000e+02
1.156397781372070312e+02
3.173751831054687500e+02
6.468637084960937500e+02
2.812839355468750000e+02
3.670295410156250000e+02
2.749557495117187500e+02
2.078690338134765625e+02
2.178103942871093750e+02
4.500159606933593750e+02
4.118571777343750000e+02
3.954357910156250000e+02
1.527255706787109375e+02
1.220553741455078125e+02
4.913276672363281250e+02
5.851076049804687500e+02
2.859641723632812500e+02
1.457544403076171875e+02
1.973039398193359375e+02
4.376160278320312500e+02
4.546248168945312500e+02
7.509665679931640625e+01
3.720025329589843750e+02
2.257040863037109375e+02
2.044531250000000000e+02
6.849279022216796875e+01
2.111305541992187500e+02
1.485690460205078125e+02
2.592959289550781250e+02
3.459287109375000000e+02
4.854487609863281250e+02
3.049568481445312500e+02
2.406972961425781250e+02
2.835953369140625000e+02
2.013433227539062500e+02
3.467721252441406250e+02
1.405641021728515625e+02
3.856009826660156250e+02
2.156005401611328125e+02
6.662265625000000000e+02
4.908569335937500000e+02
2.003636322021484375e+02
3.106046752929687500e+02
1.763290557861328125e+02
2.631166381835937500e+02
4.075956115722656250e+02
2.474780426025390625e+02
2.014090423583984375e+02
5.354617919921875000e+02
2.980874633789062500e+02
4.560281982421875000e+02
3.515541992187500000e+02
2.352394104003906250e+02
8.634460449218750000e+02
1.475959625244140625e+02
3.372666625976562500e+02
2.783281555175781250e+02
3.125885314941406250e+02
6.287340698242187500e+02
3.508777465820312500e+02
2.921987915039062500e+02
4.070489501953125000e+02
2.717521057128906250e+02
3.513277587890625000e+02
3.196332092285156250e+02
3.960575866699218750e+02
2.284241943359375000e+02
4.203671875000000000e+02
5.306967163085937500e+02
1.868470458984375000e+02
2.592514953613281250e+02
5.325839843750000000e+02
2.169973144531250000e+02
2.685305786132812500e+02
1.826799774169921875e+02
4.446119384765625000e+02
3.121924743652343750e+02
5.656266479492187500e+02
5.121217041015625000e+02
3.610052795410156250e+02
2.856425781250000000e+02
3.247437133789062500e+02
1.974540557861328125e+02
6.360397338867187500e+02
2.683792724609375000e+02
1.189209899902343750e+02
4.727770385742187500e+02
5.121217041015625000e+02
7.139733123779296875e+01
2.416921081542968750e+02
3.769695434570312500e+02
1.211727447509765625e+02
1.989233398437500000e+02
1.928893890380859375e+02
1.912816772460937500e+02
3.724198608398437500e+02
5.531419754028320312e+01
5.531419754028320312e+01
3.267886352539062500e+02
4.490573730468750000e+02
3.001867980957031250e+02
2.738625793457031250e+02
2.369138031005859375e+02
3.224868469238281250e+02
3.001867980957031250e+02
3.715015258789062500e+02
4.500376586914062500e+02
5.729435424804687500e+02
6.937495727539062500e+02
1.876628875732421875e+02
2.054492340087890625e+02
3.620728454589843750e+02
2.592514953613281250e+02
4.829230651855468750e+02
4.446119384765625000e+02
7.442913818359375000e+02
2.369138031005859375e+02
6.500165405273437500e+02
2.685305786132812500e+02
1.928893890380859375e+02
3.724198608398437500e+02
7.292695312500000000e+02
4.500376586914062500e+02
7.292695312500000000e+02
3.121924743652343750e+02
3.715015258789062500e+02
1.208568496704101562e+02
4.225276184082031250e+02
2.218687438964843750e+02
3.357856750488281250e+02
4.490573730468750000e+02
1.826799774169921875e+02
3.378355102539062500e+02
5.729435424804687500e+02
2.984986572265625000e+02
1.189209899902343750e+02
1.929747772216796875e+02
7.139733123779296875e+01
2.416921081542968750e+02
1.974540557861328125e+02
4.225276184082031250e+02
4.258169555664062500e+02
1.728402404785156250e+02
4.303823547363281250e+02
1.929747772216796875e+02
2.984986572265625000e+02
6.500165405273437500e+02
3.976677856445312500e+02
2.169973144531250000e+02
3.199063415527343750e+02
4.303823547363281250e+02
1.876628875732421875e+02
5.924934692382812500e+02
4.829230651855468750e+02
3.378355102539062500e+02
2.683792724609375000e+02
2.218687438964843750e+02
4.735500183105468750e+02
5.325839843750000000e+02
7.442913818359375000e+02
3.072828369140625000e+02
1.208568496704101562e+02
3.224868469238281250e+02
5.315701293945312500e+02
1.211727447509765625e+02
5.924934692382812500e+02
3.267886352539062500e+02
5.656266479492187500e+02
1.868470458984375000e+02
2.054492340087890625e+02
4.735500183105468750e+02
5.315701293945312500e+02
1.912816772460937500e+02
6.937495727539062500e+02
1.728402404785156250e+02
4.258169555664062500e+02
