360 10670
444 53879
654 26248
683 33640
739 22987
744 37571
755 34911
830 32764
862 19782
888 29254
890 30251
905 22312
916 24022
932 19919
944 48017
951 35328
1007 52425
1129 38839
1139 39935
1148 28733
1160 18460
1187 24071
1259 49139
1293 52100
1341 62900
1345 30979
1355 47082
1406 7337
1427 23511
1437 37642
1442 42028
1473 61254
1477 28439
1483 26614
1486 14015
1492 45691
1519 47293
1523 32100
1548 32640
1563 21731
1568 40081
1573 47032
1594 42088
1602 30002
1619 13035
1646 16579
1660 29839
1680 43453
1723 38501
1730 35827
1797 22930
1841 24038
1906 23508
1923 45183
1925 34994
1946 54200
1958 30953
1960 28855
1962 27712
1963 41011
1981 25317
1994 42049
2007 27320
2067 36248
2071 35079
2082 43575
2092 26370
2132 18062
2174 47578
2189 29805
2205 35376
2239 15921
2244 28819
2254 35432
2257 33038
2269 15292
2273 45193
2291 31131
2305 14382
2325 27457
2328 31746
2359 45125
2368 21449
2370 47401
2377 41160
2381 13449
2400 42872
2414 18991
2415 31001
2416 30404
2417 12471
2427 37137
2435 25838
2464 16177
2465 42132
2494 40765
2501 34717
2522 16489
2540 12894
2550 31780
2562 40572
2567 34369
2570 12572
2577 6656
2581 19246
2585 28352
2589 56103
2595 50400
2597 35637
2604 23361
2608 30170
2615 33719
2643 7826
2644 9046
2646 18985
2663 31535
2686 9794
2693 31828
2697 34192
2716 42857
2727 7902
2774 13386
2778 33784
2787 35515
2796 21231
2799 28475
2806 36460
2810 31037
2818 36045
2820 17231
2824 43259
2839 47208
2843 27343
2845 19311
2848 26902
2853 12196
2862 42421
2867 32249
2882 53480
2895 49981
2908 40768
2920 28895
2921 31809
2927 46024
2932 43334
2946 24712
2953 31298
2965 42495
2979 36540
2995 33995
3019 16939
3025 13002
3035 37370
3066 32515
3075 9224
3077 33616
3088 53363
3120 34040
3127 49118
3133 31947
3151 9027
3156 32438
3160 14585
3187 17455
3193 6534
3202 42422
3210 31864
3230 18458
3249 50355
3254 11801
3283 46630
3284 35946
3290 18760
3313 30998
3325 20599
3334 42854
3351 26324
3356 48432
3357 35161
3368 38715
3399 15738
3409 47245
3417 18803
3449 38016
3456 33348
3462 35475
3475 34767
3500 37338
3502 9563
3505 41500
3507 33335
3512 4765
3514 29496
3548 14171
3558 26339
3559 7265
3567 20427
3568 40035
3572 24623
3597 40236
3599 38853
3606 49471
3613 26724
3615 8744
3618 26229
3622 29806
3635 39104
3637 43344
3651 35633
3653 22983
3672 32483
3674 23342
3683 49599
3694 19824
3699 15560
3709 50108
3710 47779
3711 27753
3712 30730
3716 8317
3735 35624
3753 52752
3759 42777
3795 25687
3802 45194
3811 11864
3819 47019
3824 19191
3829 14725
3834 14945
3852 47544
3856 34924
3858 44858
3861 26455
3866 22588
3868 47546
3875 50976
3882 38404
3888 25374
3893 23179
3919 33631
3920 47930
3931 27340
3932 39838
3939 8966
3941 29173
3954 14817
3969 23335
3972 44828
3982 21869
3983 13487
3987 30927
3994 45565
3998 12329
4000 4632
4004 51654
4006 38954
4011 15704
4026 33703
4038 39277
4043 21767
4060 40512
4077 29635
4083 47657
4092 31248
4104 15189
4110 18282
4112 51236
4128 18360
4140 31923
4155 48176
4158 24394
4160 43332
4172 28057
4185 51194
4191 55625
4206 16076
4217 29918
4230 23457
4233 17838
4239 51208
4242 15318
4245 31065
4247 39253
4248 15373
4278 27998
4294 9509
4303 6545
4311 15638
4319 31773
4321 18971
4323 48448
4329 41687
4332 47660
4356 26377
4377 20996
4388 45850
4400 18128
4409 18919
4429 10425
4439 17957
4441 32287
4448 39361
4453 31346
4454 30627
4464 14295
4474 35016
4481 25680
4483 18417
4492 24237
4501 21495
4505 39242
4517 28054
4524 43558
4528 8684
4545 9201
4555 42789
4560 25072
4565 29302
4568 25398
4579 41228
4580 49273
4587 27506
4588 42642
4594 38307
4607 44585
4611 34458
4621 33137
4645 41568
4647 15524
4653 25802
4656 46012
4672 31214
4678 12796
4686 9598
4695 49057
4697 19135
4705 41042
4709 22085
4715 51374
4716 38815
4728 10914
4730 26542
4731 8500
4736 20059
4753 29739
4756 43825
4775 41867
4782 45694
4797 32063
4806 12953
4809 42267
4834 42065
4835 48417
4848 21540
4862 24215
4882 21826
4890 45106
4901 45400
4908 36938
4913 14483
4919 25087
4920 22458
4940 50004
4943 42148
4944 9883
4950 20635
4951 15878
4965 20280
4969 42502
4976 40317
4980 17703
4982 32629
5010 49022
5011 23137
5016 11802
5017 49016
5027 34971
5040 28571
5060 43645
5061 24649
5067 40376
5069 34146
5073 6489
5080 46228
5104 26859
5106 33229
5112 18608
5113 17918
5117 5287
5119 21586
5121 39359
5127 18566
5130 24653
5144 26897
5160 44187
5162 10053
5170 37829
5180 39448
5184 29776
5188 16487
5189 25212
5207 34200
5228 18190
5231 26336
5242 28973
5245 22127
5256 21379
5271 7160
5315 38656
5318 46719
5324 14696
5325 25466
5354 23343
5365 58982
5381 7621
5383 50837
5403 5644
5404 38734
5406 34894
5419 38761
5427 37951
5428 48867
5445 39156
5455 23108
5464 31126
5476 35150
5479 45692
5513 13235
5517 12389
5528 27937
5539 31062
5545 40077
5546 16284
5553 42664
5566 16031
5567 52234
5583 18416
5598 37617
5601 16233
5612 43222
5618 6639
5649 22886
5655 32124
5688 27345
5690 22624
5707 32146
5715 23960
5718 44008
5734 49654
5737 9590
5741 11756
5744 49019
5757 37794
5762 32365
5764 22575
5772 28281
5786 46341
5787 40329
5791 8974
5812 32838
5816 13839
5843 21177
5847 29284
5860 35900
5864 11875
5868 52522
5873 18418
5880 9117
5906 7857
5907 47513
5916 20194
5918 27633
5927 16626
5930 47753
5931 48412
5941 27587
5942 26561
5946 50347
5969 11138
5976 47352
5984 12602
6017 40193
6018 19056
6027 32209
6031 52457
6036 35319
6056 20577
6068 12799
6073 43677
6081 9724
6085 29300
6093 20664
6106 45082
6110 28440
6120 7725
6121 28082
6130 18262
6132 47057
6138 29095
6159 40177
6167 35524
6171 33842
6204 42748
6210 20163
6216 19829
6221 34908
6225 6687
6238 31680
6240 19642
6248 16655
6252 51870
6255 9675
6272 53722
6288 40040
6316 8940
6335 17726
6365 31610
6366 29449
6381 12035
6382 41451
6383 48530
6385 38454
6405 50900
6425 29174
6427 26527
6429 41748
6442 8637
6448 30820
6452 21559
6459 13327
6473 35370
6480 22514
6486 35717
6488 14979
6500 44907
6502 17169
6504 33556
6516 50996
6520 51741
6525 20188
6535 18159
6537 23611
6542 23586
6546 14411
6560 34621
6572 55268
6583 7541
6584 17171
6595 14663
6607 7613
6611 27280
6618 24671
6623 20658
6630 49100
6649 26629
6652 12279
6668 35208
6678 18359
6688 36816
6689 9244
6706 39184
6718 46548
6729 27005
6734 43943
6735 17052
6739 45239
6751 10034
6763 46589
6778 15216
6784 37546
6794 38553
6796 16586
6799 45390
6801 10136
6805 8347
6811 41971
6819 26814
6820 40734
6821 24258
6842 37310
6844 31095
6860 36649
6867 53192
6871 27929
6880 49435
6885 48996
6891 19628
6901 11488
6905 45854
6906 52803
6915 27570
6928 39901
6932 17302
6943 34014
6961 13740
6992 17542
7000 51123
7044 17835
7056 9870
7057 12483
7061 35681
7076 8641
7083 14921
7086 42014
7087 46320
7124 8506
7129 35103
7131 33272
7134 7380
7138 42111
7144 30560
7162 49968
7170 29262
7175 24628
7177 26396
7194 26069
7197 7605
7201 11279
7204 15887
7206 29821
7207 39951
7220 38920
7228 15079
7236 41628
7251 51954
7252 15075
7259 21884
7264 11348
7269 55313
7276 15320
7278 27993
7287 17420
7294 37772
7296 46463
7298 37358
7300 27485
7315 36787
7316 33000
7324 7458
7333 8875
7338 28239
7350 8884
7365 13154
7367 44535
7379 31734
7394 32156
7395 24586
7402 15249
7407 34088
7409 16288
7410 48633
7423 18045
7428 43064
7431 10947
7434 46301
7438 17340
7445 33449
7448 42759
7457 23841
7466 13084
7470 8740
7479 9024
7485 37799
7492 33067
7499 36056
7519 27757
7524 47554
7529 32618
7547 34673
7552 49321
7557 31991
7558 14820
7561 39392
7565 8078
7576 10856
7581 27821
7598 38547
7604 8214
7619 46948
7622 19149
7623 42371
7624 49536
7636 35288
7644 8539
7672 29417
7673 31963
7677 28295
7681 11880
7692 32125
7694 32645
7698 28780
7700 40503
7703 32552
7717 46607
7730 27147
7735 19036
7742 26718
7754 44722
7778 11669
7780 50524
7790 37755
7794 41668
7803 21614
7808 35528
7815 19603
7816 17267
7834 30412
7843 8157
7849 46698
7850 40063
7871 25216
7872 45705
7901 10412
7914 18443
7940 40156
7944 35393
7967 25569
7970 52697
7984 14217
8001 35864
8005 29467
8006 26988
8009 10657
8015 34991
8018 48623
8022 17109
8041 18189
8054 24636
8058 23442
8059 44925
8072 18648
8080 24021
8081 24115
8083 19165
8088 32714
8089 42358
8095 16877
8105 11599
8112 16054
8113 17955
8120 28401
8132 38841
8139 47192
8141 25520
8142 27778
8151 32525
8166 30120
8193 24370
8204 31279
8207 41185
8212 16379
8232 29564
8236 28617
8253 47307
8256 53303
8274 22492
8285 19509
8286 53478
8290 29863
8302 10880
8308 30116
8319 18871
8341 15543
8348 30884
8350 50734
8351 27094
8355 29348
8366 37602
8369 45061
8387 16991
8400 35957
8403 49010
8415 23119
8419 42742
8424 39182
8450 27482
8451 10137
8452 26375
8455 18243
8470 14251
8478 8675
8488 49608
8492 13698
8499 30430
8503 9245
8507 38303
8508 10959
8509 22855
8520 17852
8529 28505
8544 37023
8548 32658
8552 23031
8564 8673
8569 38445
8573 23989
8575 28843
8589 41519
8592 32749
8599 27715
8601 14322
8602 43758
8608 19985
8613 19071
8615 22680
8625 33194
8645 10800
8650 40318
8654 21052
8655 47094
8656 18467
8664 39137
8677 30896
8683 32121
8685 22633
8695 9108
8702 35653
8704 39655
8705 9453
8708 22349
8716 54050
8745 19934
8758 19511
8760 14341
8772 33988
8773 33504
8791 51430
8792 12498
8798 30418
8800 8901
8806 36180
8816 24587
8822 9351
8824 23448
8827 10741
8839 45228
8848 52858
8851 36917
8857 46936
8865 39450
8886 21553
8889 47891
8895 45230
8902 19366
8926 30539
8933 23218
8946 43626
8951 50293
8956 21181
8972 44183
8987 48403
9000 20506
9005 32755
9007 37401
9008 50686
9011 55431
9016 9357
9017 46398
9030 37173
9042 21394
9049 29698
9054 14441
9058 33953
9062 44929
9079 30429
9085 33502
9095 40110
9115 31617
9124 29400
9135 44363
9144 63159
9157 29529
9159 11032
9163 23563
9171 22925
9177 22125
9182 41441
9186 30018
9189 35389
9193 17692
9194 39669
9197 34615
9206 25467
9222 19371
9239 37076
9240 36571
9262 51117
9276 15944
9277 21529
9281 38725
9283 39367
9300 22459
9307 29485
9322 21789
9323 33126
9343 29477
9348 32544
9357 9016
9375 14570
9377 12821
9381 32145
9383 26133
9384 19641
9387 13977
9390 10156
9397 9659
9399 15121
9409 32323
9412 43950
9416 15852
9419 39205
9420 49588
9425 38028
9440 44396
9460 26234
9469 37250
9470 9876
9482 26898
9491 43120
9494 36396
9523 48438
9538 35960
9544 23869
9547 44436
9550 42245
9553 19918
9570 39695
9579 26550
9581 44121
9582 14436
9587 11221
9597 39440
9624 32453
9629 39476
9630 22543
9650 39997
9653 30451
9654 48769
9656 40370
9659 9397
9689 33800
9690 19281
9701 18246
9704 13351
9709 34570
9718 43723
9723 19214
9731 45768
9736 25575
9737 39834
9742 26853
9744 36199
9747 33664
9748 15108
9749 18194
9757 29974
9769 12222
9770 40705
9775 43993
9778 28066
9785 46305
9787 26295
9805 46805
9823 31834
9828 25639
9843 41683
9863 26669
9872 22206
9882 27902
9889 25096
9897 15097
9905 16720
9923 22195
9924 36634
9928 29630
9929 24544
9944 26139
9970 17737
9971 45967
9984 47436
9992 11896
9999 33848
10005 17178
10021 21249
10025 12565
10048 12930
10049 11185
10051 17843
10075 36799
10076 19229
10077 15449
10080 31810
10096 44526
10101 44325
10103 14997
10107 15424
10115 29128
10116 48892
10127 37800
10146 31730
10149 38097
10156 9390
10162 18743
10163 28292
10192 32573
10196 52863
10204 47816
10205 22063
10207 14163
10213 23383
10217 32681
10218 23990
10234 16291
10269 22470
10272 34974
10273 38683
10277 40881
10293 11729
10302 43157
10322 33864
10342 18622
10355 45863
10358 25503
10373 24478
10378 41809
10393 10816
10396 51570
10403 28871
10437 44305
10438 14517
10450 50661
10464 52585
10471 17516
10502 25713
10505 32578
10506 23213
10509 50796
10534 28429
10535 11270
10545 25833
10558 53592
10562 51869
10571 27565
10578 29309
10593 43255
10594 33837
10595 47083
10609 27583
10628 42549
10631 30554
10639 14930
10641 19730
10642 18070
10643 17550
10649 52038
10650 22060
10652 31814
10653 39066
10655 20869
10684 10795
10685 24194
10706 14832
10717 55576
10720 41092
10721 17694
10725 31821
10727 18346
10734 29563
10756 44107
10768 23411
10779 25272
10790 49799
10791 39595
10795 10684
10805 17446
10816 10393
10821 25983
10829 35458
10836 38661
10845 44045
10852 43813
10859 34840
10878 42942
10882 16948
10890 27559
10899 42159
10913 43079
10927 34446
10956 25862
10958 31938
10966 22947
10978 28411
10983 34938
10984 43394
10991 37498
10992 32625
11000 34675
11010 42788
11014 41649
11032 9159
11038 19445
11047 31565
11060 46214
11067 14965
11069 27719
11073 34431
11075 22526
11092 31019
11098 28672
11104 55859
11108 18281
11110 18591
11112 43519
11127 29931
11133 31741
11151 25196
11153 22876
11166 19639
11178 40209
11203 24058
11205 43139
11209 33508
11214 40569
11215 22455
11221 9587
11227 29394
11230 26391
11232 38751
11245 34548
11247 12848
11252 48364
11253 11739
11258 53423
11264 32412
11272 14891
11283 43455
11333 29395
11335 36636
11351 22742
11378 37265
11389 36445
11394 41810
11401 46048
11413 16389
11418 52235
11436 43508
11452 50871
11459 24297
11460 30958
11464 30876
11465 21094
11476 28406
11495 12019
11508 38405
11513 18033
11530 33866
11533 49251
11540 15957
11541 21093
11544 19100
11546 13010
11563 27734
11567 50647
11574 39257
11588 44795
11603 30124
11619 21019
11622 40701
11630 25297
11632 36762
11645 14722
11650 15125
11652 35829
11654 28967
11655 18327
11673 49539
11689 22649
11690 27786
11710 45848
11711 27080
11713 22338
11729 10293
11736 29717
11759 50740
11761 41117
11771 12107
11773 13147
11790 25993
11804 40398
11807 57786
11820 20014
11827 27050
11831 20901
11842 22217
11844 44389
11846 39069
11860 27397
11863 23916
11868 46534
11878 45066
11879 21453
11886 33177
11895 23231
11896 9992
11909 26021
11916 31881
11919 25152
11924 53943
11927 34152
11937 27411
11942 12470
11944 55007
11954 31663
11958 30262
11961 29988
11965 24452
11972 18741
11974 20164
11978 30007
11986 34970
11988 30437
11993 48642
12006 41835
12018 16502
12019 11495
12042 26095
12061 44362
12081 32324
12089 35394
12093 21002
12097 43243
12098 31073
12105 37034
12107 11771
12112 21632
12128 22425
12132 27933
12133 38233
12134 39555
12159 21266
12161 34660
12165 25873
12166 37940
12167 55483
12177 26900
12179 22652
12182 17027
12194 20903
12204 20529
12222 9769
12226 35832
12237 36382
12244 34600
12247 17469
12252 44574
12269 31186
12272 23585
12290 25155
12296 39328
12315 18067
12316 28207
12325 32417
12340 30816
12353 53092
12370 16784
12371 26581
12374 40653
12375 42140
12392 38575
12393 39700
12411 25129
12418 26148
12429 15948
12440 36030
12441 50626
12445 47237
12446 44075
12454 35788
12459 18409
12460 56030
12462 20162
12469 13967
12470 11942
12475 16799
12489 33377
12504 26598
12511 33753
12523 21970
12524 44662
12527 50749
12534 30913
12537 44987
12555 53142
12556 43740
12559 15592
12560 24955
12563 14625
12565 10025
12571 17614
12584 41221
12597 52026
12598 49576
12599 15975
12600 16822
12612 47402
12626 17080
12627 34191
12650 24999
12653 21110
12686 23178
12709 32284
12711 15465
12713 22380
12716 41876
12722 20341
12723 30476
12743 45904
12755 41613
12759 17115
12761 31784
12764 42327
12766 14338
12800 31549
12806 37106
12807 14009
12809 19916
12814 42509
12821 9377
12830 26649
12835 29954
12841 43646
12843 12932
12848 11247
12852 28875
12865 44651
12885 20973
12886 15541
12890 44497
12904 34594
12905 25027
12908 32517
12912 23543
12930 10048
12935 32941
12938 29567
12966 38054
12971 14814
12975 20622
13003 55166
13010 11546
13020 36835
13033 38078
13040 32381
13046 25499
13059 35343
13071 52967
13074 30640
13075 56105
13077 25163
13085 43802
13087 45943
13088 31958
13089 12331
13093 19495
13106 13982
13107 18046
13108 16810
13113 39217
13120 14859
13135 20281
13137 35368
13142 53112
13147 11773
13151 23301
13163 31785
13169 39893
13179 21467
13185 56081
13193 46187
13198 29296
13199 50949
13212 47092
13220 29105
13229 45775
13238 48947
13242 30497
13254 35516
13261 19498
13276 42357
13284 44033
13294 17292
13313 42864
13317 41396
13320 35963
13321 49606
13338 23657
13351 9704
13363 46508
13372 26246
13383 35035
13391 29557
13393 39399
13395 27534
13403 43749
13404 33047
13405 46379
13416 19428
13417 21923
13422 22204
13425 18542
13431 51985
13439 20919
13440 35327
13443 16971
13444 45531
13445 31862
13450 38160
13492 52545
13495 28673
13507 20881
13523 44536
13526 38514
13528 18635
13541 17725
13543 35046
13552 23620
13553 29676
13569 43303
13570 32051
13577 15684
13582 20686
13583 20614
13595 21701
13609 28075
13614 38395
13616 13841
13618 19858
13627 14230
13636 35803
13642 46051
13645 15185
13647 39141
13648 42415
13653 27300
13667 37948
13668 49979
13670 39519
13672 19961
13678 40377
13683 42567
13689 24837
13696 45784
13733 32815
13741 51038
13746 33236
13747 27921
13750 34085
13776 22642
13779 40783
13782 49358
13785 51307
13786 38768
13787 40849
13804 37509
13811 29297
13825 45956
13840 48847
13841 13616
13849 29960
13859 15022
13870 35445
13875 31321
13880 18079
13887 17949
13898 52853
13909 24252
13913 54003
13917 28218
13951 33730
13953 31296
13964 27513
13967 12469
13976 53746
13977 9387
13980 46661
13982 13106
13990 32454
13995 25987
14001 35602
14005 34240
14006 26067
14009 12807
14016 49239
14027 28042
14029 40756
14032 33247
14035 50726
14046 50246
14049 27410
14066 30374
14068 31982
14070 15416
14074 45141
14079 32685
14080 42831
14086 37925
14089 18931
14090 19624
14095 25145
14104 24961
14107 36868
14120 16564
14125 17159
14130 22383
14132 45985
14135 50122
14144 29694
14149 25427
14163 10207
14165 42670
14169 37407
14177 27431
14178 38699
14191 46836
14197 22932
14200 17260
14205 26003
14206 20068
14212 42989
14214 59815
14225 27206
14229 34289
14230 13627
14245 22917
14252 48550
14271 34337
14286 44952
14288 15170
14289 50453
14300 17995
14312 33536
14336 30247
14346 35341
14366 19479
14380 41450
14387 24964
14392 45623
14393 16387
14402 25462
14403 26732
14408 29416
14422 38931
14424 31413
14432 50864
14437 47398
14439 27167
14441 9054
14456 29261
14471 23884
14488 38029
14500 47251
14505 29783
14510 48517
14520 28872
14528 25362
14549 28771
14551 16505
14552 25594
14563 21296
14570 9375
14582 42960
14597 26716
14611 34845
14623 19796
14624 23675
14625 12563
14633 25517
14634 27562
14689 20584
14691 16868
14692 22385
14693 27065
14708 39389
14722 11645
14733 19767
14739 20990
14747 53642
14752 32959
14760 34985
14769 42802
14772 33070
14774 26122
14784 20649
14799 32072
14812 30855
14814 12971
14830 47266
14832 10706
14836 30376
14839 42823
14841 46552
14854 40661
14859 13120
14882 16353
14885 37188
14888 27502
14891 11272
14908 23779
14910 26856
14912 36426
14929 24122
14930 10639
14938 45504
14964 42172
14965 11067
14977 38200
14982 23265
14987 15754
14991 18561
14995 57570
14996 36436
14997 10103
15008 34234
15020 32957
15022 13859
15034 42886
15036 47163
15064 27723
15082 29831
15097 9897
15110 37415
15121 9399
15125 11650
15130 41996
15131 15501
15134 44818
15138 22391
15161 27988
15170 14288
15179 38994
15180 30444
15185 13645
15202 42366
15218 53767
15253 47441
15260 38421
15270 42488
15275 45147
15286 41816
15311 15649
15331 57323
15332 35985
15371 17303
15374 30178
15376 22842
15387 33629
15388 30125
15408 19047
15418 23617
15424 10107
15435 28787
15451 20727
15466 34164
15480 35116
15481 32230
15488 19708
15497 44658
15501 15131
15507 28864
15512 44193
15513 21070
15529 38385
15530 20426
15541 12886
15549 25045
15563 34984
15571 21730
15592 12559
15601 49752
15607 22251
15618 25365
15620 28580
15622 28453
15629 24568
15632 35892
15652 33896
15653 21289
15682 17939
15684 13577
15689 16213
15692 26832
15703 43145
15707 47249
15711 45945
15724 47800
15730 21804
15732 37319
15739 39658
15754 14987
15755 27586
15756 40360
15757 46183
15767 18061
15797 38341
15804 53760
15806 44905
15807 43742
15823 50242
15852 9416
15854 46728
15855 38253
15856 26062
15859 42204
15860 42151
15892 18236
15896 21846
15904 35814
15916 25592
15925 43031
15928 21404
15929 31128
15938 39983
15941 19971
15943 45103
15944 9276
15948 12429
15952 29321
15954 44803
15957 11540
15959 22815
15964 33201
15973 48938
16003 33386
16014 25626
16015 24966
16019 25882
16023 21199
16030 50872
16034 25235
16045 28170
16050 33282
16051 28212
16056 47742
16058 38879
16082 28611
16083 52637
16084 32378
16091 19955
16102 38784
16119 25881
16130 34844
16139 32242
16165 18661
16166 29414
16180 18171
16188 35293
16199 38555
16213 15689
16268 28322
16287 44768
16291 10234
16311 39378
16325 26776
16337 33288
16338 40164
16341 34315
16342 20038
16348 32435
16353 14882
16356 51235
16366 21799
16374 34150
16384 23669
16387 14393
16389 11413
16395 30522
16406 37753
16414 45261
16428 20268
16439 32781
16441 45350
16449 28272
16453 37724
16459 40697
16463 40564
16464 34889
16465 36962
16470 19359
16475 29217
16478 39758
16505 14551
16506 23392
16547 26603
16548 48475
16551 46959
16552 46231
16564 14120
16566 35223
16576 17447
16589 40008
16590 45696
16601 50281
16609 22070
16621 44269
16634 20284
16656 36623
16661 39302
16662 32241
16665 27839
16676 20031
16697 38203
16704 46755
16709 32443
16710 22786
16720 9905
16741 20885
16750 43289
16766 31795
16784 12370
16786 17124
16792 17283
16799 12475
16806 36969
16816 33723
16821 41898
16832 44529
16837 21174
16852 29612
16868 14691
16888 26283
16905 37011
16908 23941
16909 39126
16915 19797
16934 38724
16938 47986
16948 10882
16968 28878
16974 47230
16978 24601
16989 45249
17004 38378
17008 36468
17010 26893
17011 39349
17012 25778
17015 20508
17016 48910
17027 12182
17030 23743
17039 34773
17054 36871
17056 27519
17077 38277
17080 12626
17107 34390
17108 38866
17115 12759
17117 19615
17118 21669
17124 16786
17125 32109
17128 52424
17135 43876
17141 35180
17145 28716
17150 26812
17152 25153
17154 25141
17159 14125
17167 20109
17178 10005
17197 41483
17204 26092
17215 34531
17230 28588
17232 50478
17240 45593
17244 21757
17247 50155
17260 14200
17268 54070
17279 29487
17283 16792
17292 13294
17303 15371
17320 17565
17322 28259
17328 23658
17335 36232
17336 38193
17346 46793
17348 28197
17353 43850
17360 42967
17363 44171
17364 41355
17369 34899
17372 37020
17376 24854
17378 29381
17384 48346
17400 30213
17410 52262
17413 48699
17415 28962
17417 38215
17423 41311
17424 41249
17427 35420
17446 10805
17447 16576
17469 12247
17471 34091
17477 20569
17487 51745
17508 47733
17516 10471
17530 41958
17543 24117
17547 42537
17555 20873
17575 37751
17579 22832
17584 33266
17598 18550
17614 12571
17624 48993
17634 20421
17637 29971
17641 25963
17644 19991
17652 42428
17654 30040
17655 45459
17658 38265
17670 53640
17692 9193
17704 53539
17712 24650
17720 55248
17722 33485
17725 13541
17737 9970
17760 43853
17765 39927
17768 47378
17781 33052
17786 36358
17791 46277
17807 23986
17814 37043
17823 27903
17836 33759
17839 45579
17840 36650
17843 10051
17846 30699
17860 37248
17883 32513
17886 28487
17898 33535
17908 33332
17910 17941
17913 23893
17929 44982
17935 47979
17939 15682
17941 17910
17949 13887
17956 22407
17966 31484
17983 50178
17986 27461
17988 39863
17994 40006
17995 14300
18019 38773
18022 21387
18026 34297
18030 36616
18033 11513
18034 34400
18043 32071
18046 13107
18067 12315
18079 13880
18101 23566
18108 43206
18109 22694
18135 30489
18137 30333
18141 20688
18142 22361
18149 36002
18169 28139
18171 16180
18182 45138
18188 52543
18193 32867
18195 36016
18196 19146
18200 25322
18208 33136
18219 33196
18221 27648
18236 15892
18241 27140
18246 9701
18249 19801
18260 49003
18263 18895
18281 11108
18304 29970
18313 20399
18325 52452
18346 10727
18349 20906
18382 22516
18386 44029
18391 22432
18398 22814
18409 12459
18440 36181
18446 32970
18452 41415
18465 49437
18486 47124
18492 26545
18508 41186
18511 43738
18521 31297
18538 27057
18550 17598
18561 14991
18576 32754
18587 39353
18588 18888
18591 11110
18603 30316
18607 18939
18618 37102
18622 10342
18635 13528
18640 52979
18659 52223
18661 16165
18669 32926
18681 45019
18685 23654
18699 28554
18704 22153
18718 29156
18720 21222
18731 48327
18737 44866
18741 11972
18743 10162
18774 24004
18790 27349
18809 46336
18810 24400
18847 28483
18860 38095
18867 47811
18884 53016
18894 22759
18895 18263
18897 53549
18899 28678
18914 24541
18931 14089
18939 18607
18944 21727
18963 36621
18964 27068
18981 19206
18989 36220
19003 34733
19011 43265
19015 30856
19033 28081
19047 15408
19065 46996
19084 48545
19085 32710
19100 11544
19103 26692
19111 36380
19121 21355
19130 46886
19142 36218
19146 18196
19147 32000
19148 30121
19150 23861
19176 45359
19184 38039
19186 23046
19188 46411
19210 19294
19214 9723
19215 46327
19218 21990
19219 49567
19222 34084
19240 25083
19241 27862
19260 30190
19285 23663
19287 33813
19294 19210
19297 26809
19305 44626
19313 24580
19322 27309
19323 29191
19349 44452
19354 33863
19356 24276
19359 16470
19362 45568
19371 9222
19381 48729
19393 36826
19418 48365
19424 39314
19428 13416
19433 33341
19439 23784
19445 11038
19448 49607
19450 42474
19462 30756
19472 42294
19477 39792
19479 14366
19490 26844
19495 13093
19498 13261
19526 20630
19533 24560
19537 32695
19542 29822
19554 20217
19558 34777
19566 23120
19576 30783
19615 17117
19617 45935
19621 33217
19622 32624
19633 37470
19634 26346
19639 11166
19660 26178
19680 17470
19681 37856
19684 21659
19689 32594
19694 24700
19695 21291
19697 27132
19701 48914
19708 15488
19711 23099
19712 21389
19719 51013
19720 23710
19725 47499
19726 45050
19730 10641
19740 43791
19759 23756
19763 23000
19767 14733
19796 14623
19797 16915
19799 20125
19801 18249
19813 35114
19823 20451
19825 52366
19834 46392
19835 28416
19839 46792
19865 22156
19870 27453
19873 38387
19879 42976
19884 40466
19888 36272
19899 21401
19900 31707
19918 9553
19920 33942
19922 27427
19926 22897
19938 45662
19943 26478
19951 32987
19955 16091
19956 50235
19979 51707
19990 39822
19991 17644
20019 26074
20031 16676
20038 16342
20042 54360
20052 31402
20058 21034
20067 25733
20068 14206
20083 29639
20086 38126
20089 12801
20107 33412
20109 17167
20115 23956
20125 19799
20164 11974
20177 42311
20203 33428
20209 21607
20215 42496
20219 54153
20230 44235
20234 28051
20268 16428
20281 13135
20283 44833
20308 25240
20309 35467
20310 50372
20321 43702
20323 41052
20337 41280
20341 12722
20365 40420
20373 46567
20383 23820
20397 43230
20399 18313
20406 42947
20414 27747
20417 38924
20421 17634
20426 15530
20429 38836
20438 39501
20447 33321
20451 19823
20456 26862
20458 29976
20463 53817
20465 32572
20468 26884
20473 27036
20478 39268
20482 23692
20504 31860
20506 9000
20508 17015
20510 23993
20565 41456
20569 17477
20582 27682
20584 14689
20612 37921
20614 13583
20620 50076
20629 26280
20630 19526
20634 29330
20647 36090
20649 14784
20656 30580
20659 25618
20660 43250
20676 47857
20677 42565
20682 25116
20686 13582
20688 18141
20692 40428
20694 22530
20697 40632
20727 15451
20738 42013
20748 48114
20763 35385
20774 32139
20778 39541
20793 39284
20795 32585
20796 57068
20800 21165
20803 31423
20804 54749
20811 40023
20854 51397
20859 32244
20865 34904
20869 10655
20873 17555
20881 13507
20885 16741
20887 44412
20901 11831
20903 12194
20906 18349
20909 28769
20912 31857
20913 40845
20914 45508
20919 13439
20930 37281
20937 36464
20950 31762
20954 42671
20957 25917
20965 24249
20973 12885
20980 34102
20983 36032
20990 14739
20999 31505
21002 12093
21023 26808
21034 20058
21044 59443
21050 23698
21069 21459
21070 15513
21110 12653
21136 26082
21139 36747
21165 20800
21169 43319
21174 16837
21179 28628
21181 8956
21182 47831
21186 32194
21195 32814
21204 48603
21205 37189
21216 45861
21222 18720
21229 42527
21235 26686
21237 27608
21245 27577
21249 10021
21251 25472
21266 12159
21268 43143
21269 26083
21277 48851
21284 31668
21289 15653
21290 44003
21296 14563
21300 21454
21319 39892
21327 35570
21328 29102
21333 35133
21355 19121
21358 30944
21360 23761
21377 44645
21381 41883
21387 18022
21389 19712
21390 48400
21392 32474
21394 9042
21401 19899
21402 24206
21417 38273
21447 21821
21454 21300
21459 21069
21467 13179
21480 24270
21486 39800
21504 46435
21506 45862
21514 31747
21522 29928
21527 31227
21530 32817
21533 31533
21546 24387
21592 26306
21597 22134
21607 20209
21611 37525
21620 45204
21621 30773
21632 12112
21648 34188
21652 35852
21656 23684
21669 17118
21693 34867
21701 13595
21702 38096
21709 40260
21720 26032
21727 18944
21730 15571
21747 27965
21762 41774
21769 36503
21774 37259
21780 34349
21787 47768
21789 9322
21792 9591
21799 16366
21803 54210
21804 15730
21813 55463
21818 53527
21821 21447
21828 26214
21836 25632
21837 23153
21846 15896
21868 34100
21886 34853
21887 31748
21919 32774
21923 13417
21928 33154
21970 12523
21990 19218
22014 39915
22022 35407
22030 25388
22037 29387
22043 29238
22054 40676
22064 27496
22067 25463
22070 16609
22093 44777
22096 30905
22105 37232
22123 27729
22125 9177
22128 25776
22134 21597
22141 32399
22153 18704
22156 19865
22166 44312
22185 23863
22195 9923
22204 13422
22206 9872
22212 41911
22217 11842
22226 37900
22230 22447
22236 22819
22247 29398
22248 46979
22251 15607
22256 45548
22282 23391
22289 32420
22306 46033
22319 37395
22323 42951
22331 31878
22334 39952
22335 36325
22338 11713
22346 28566
22351 43761
22361 18142
22374 44634
22383 14130
22385 14692
22390 25402
22394 33254
22395 47071
22404 37135
22407 17956
22425 12128
22432 18391
22436 32166
22444 23381
22447 22230
22449 30813
22459 9300
22470 10269
22474 24128
22479 43965
22516 18382
22526 11075
22530 20694
22535 38496
22556 27305
22578 48124
22591 34648
22610 37595
22617 30949
22642 13776
22647 23748
22649 11689
22656 40028
22679 34094
22687 25867
22694 18109
22700 30326
22705 42431
22716 55867
22742 11351
22743 25919
22748 37046
22759 18894
22762 39451
22770 49258
22772 15257
22774 46562
22781 52922
22789 43600
22808 34661
22815 15959
22826 43224
22832 17579
22838 40693
22842 15376
22862 31654
22864 46739
22868 9454
22872 32464
22876 11153
22877 44876
22881 28707
22897 19926
22907 30361
22911 28952
22917 14245
22925 9171
22932 14197
22943 29579
22947 10966
22984 23155
23000 19763
23005 48416
23008 35198
23012 30803
23036 33936
23039 25593
23040 26467
23046 19186
23067 51848
23075 45168
23079 31649
23091 34409
23098 50504
23099 19711
23102 36798
23111 31540
23120 19566
23122 38102
23136 31191
23149 51769
23151 25695
23155 22984
23167 43714
23172 28430
23178 12686
23181 29853
23186 41194
23205 49509
23230 23918
23231 11895
23233 30875
23263 36467
23265 14982
23273 24757
23282 40630
23286 35935
23291 34687
23295 36157
23301 13151
23307 33652
23316 35022
23323 23754
23349 23646
23371 28373
23379 43376
23381 22444
23383 10213
23388 47635
23389 31561
23391 22282
23392 16506
23393 46724
23411 10768
23422 47770
23436 47322
23440 38042
23456 52286
23459 32277
23464 51202
23466 36558
23482 39788
23491 40793
23519 39729
23525 37975
23527 26956
23543 12912
23554 26613
23555 30004
23563 9163
23566 18101
23570 32466
23585 12272
23606 41277
23610 47633
23620 13552
23626 35966
23633 56291
23646 23349
23653 44690
23658 17328
23663 19285
23669 16384
23675 14624
23684 21656
23686 54406
23692 20482
23698 21050
23699 23788
23710 19720
23717 31164
23739 31085
23754 23323
23755 45834
23756 19759
23761 21360
23773 53140
23778 37376
23779 14908
23780 50294
23784 19439
23788 23699
23789 34480
23812 30309
23817 29643
23820 20383
23822 35945
23828 26601
23829 47407
23831 43386
23847 53191
23861 19150
23863 22185
23867 24275
23869 9544
23884 14471
23893 17913
23900 30994
23916 11863
23918 23230
23941 16908
23993 20510
23994 47980
24004 18774
24005 42300
24012 48897
24015 60886
24018 35031
24058 11203
24059 35314
24068 46353
24075 31691
24094 47242
24117 17543
24122 14929
24128 22474
24144 31490
24149 32849
24172 33881
24217 42482
24245 45987
24252 13909
24257 32034
24260 47651
24266 40030
24267 39980
24270 21480
24271 35651
24275 23867
24276 19356
24283 46313
24299 36385
24322 37491
24337 32097
24348 44973
24357 49091
24387 21546
24390 46043
24400 18810
24401 50502
24403 36803
24405 33340
24415 36594
24423 45625
24430 30892
24439 34898
24452 11965
24465 44745
24467 31165
24478 10373
24531 41631
24536 28060
24543 36644
24551 46342
24560 19533
24571 46590
24580 19313
24584 46247
24601 16978
24605 43728
24607 26093
24612 29907
24618 39454
24624 35020
24642 50575
24650 17712
24658 42957
24663 32836
24682 28211
24693 34465
24700 19694
24707 33019
24713 38339
24723 33685
24726 41764
24735 34856
24755 51267
24756 48691
24757 23273
24767 31398
24768 28120
24769 31841
24772 39024
24774 44717
24788 24853
24797 47658
24803 34888
24805 51186
24809 29699
24814 28688
24819 30714
24821 27931
24832 35689
24835 28012
24837 13689
24853 24788
24854 17376
24856 33505
24874 45629
24913 36270
24950 33436
24955 12560
24961 14104
24964 14387
24970 54397
24974 50987
24995 30836
24996 30526
24999 12650
25000 29578
25024 55763
25025 41267
25027 12905
25035 47968
25036 47428
25039 40274
25045 15549
25070 33887
25075 51471
25079 26187
25083 19240
25129 12411
25130 38368
25141 17154
25143 49776
25145 14095
25152 11919
25153 17152
25155 12290
25160 44489
25172 35317
25175 47944
25191 49126
25194 34749
25196 11151
25213 38890
25218 26837
25235 16034
25240 20308
25272 10779
25282 33849
25290 44767
25297 11630
25299 32369
25322 18200
25334 25770
25340 38462
25345 46623
25346 33392
25348 44131
25362 14528
25377 55807
25383 12281
25388 22030
25402 22390
25426 38444
25427 14149
25433 39813
25453 30637
25454 35062
25458 43824
25462 14402
25463 22067
25464 38311
25467 9206
25471 27912
25472 21251
25478 39308
25499 13046
25503 10358
25504 14951
25517 14633
25533 58533
25560 33713
25575 9736
25584 18474
25589 32028
25593 23039
25594 14552
25602 36318
25611 39327
25616 47381
25618 20659
25621 36500
25626 16014
25628 45043
25632 21836
25639 9828
25664 49521
25670 33426
25686 41031
25695 23151
25706 45791
25713 10502
25719 44552
25727 50062
25733 20067
25743 29066
25751 31287
25770 25334
25776 22128
25778 17012
25779 33592
25799 27878
25805 41658
25817 44435
25833 10545
25836 39774
25845 46969
25861 39547
25862 10956
25867 22687
25873 12165
25874 44390
25881 16119
25882 16019
25887 48604
25906 30133
25917 20957
25919 22743
25925 31596
25936 56001
25938 47556
25963 17641
25967 36405
25983 10821
25985 26244
25987 13995
25989 27666
25993 11790
26003 14205
26009 29273
26016 48009
26020 29008
26021 11909
26023 50457
26030 31693
26033 47975
26062 15856
26067 14006
26074 20019
26082 21136
26083 21269
26087 41550
26090 39133
26092 17204
26093 24607
26102 43488
26129 52708
26133 9383
26178 19660
26212 45044
26214 21828
26234 9460
26240 34233
26244 25985
26246 13372
26252 33529
26257 41886
26280 20629
26283 16888
26289 53204
26291 49829
26295 9787
26305 51449
26306 21592
26317 34331
26333 42570
26343 36484
26346 19634
26354 38816
26391 11230
26393 33230
26403 48243
26417 51829
26467 23040
26472 27952
26486 36653
26500 40100
26505 40459
26518 42609
26541 39234
26544 37503
26545 18492
26556 34418
26563 48491
26581 12371
26595 43248
26598 12504
26603 16547
26608 26788
26613 23554
26623 38284
26649 12830
26661 40204
26667 35476
26669 9863
26683 35268
26684 38298
26686 21235
26692 19103
26699 32863
26700 33061
26713 36679
26716 14597
26719 37671
26732 14403
26737 48997
26776 16325
26788 26608
26804 49098
26808 21023
26812 17150
26820 40805
26830 43670
26832 15692
26834 34235
26837 25218
26845 29188
26853 9742
26856 14910
26862 20456
26865 30085
26884 20468
26898 9482
26900 12177
26915 29788
26930 32479
26938 40226
26950 27225
26971 34407
26973 42052
26994 35093
27000 48984
27022 29129
27036 20473
27048 50370
27050 11827
27058 43726
27065 14693
27068 18964
27106 44457
27110 37593
27121 31353
27132 19697
27139 53406
27140 18241
27162 43012
27167 14439
27176 35132
27181 35017
27194 31608
27206 14225
27219 33770
27225 26950
27235 57576
27241 44466
27268 41254
27275 46261
27282 28224
27288 29678
27298 41840
27300 13653
27305 22556
27307 33430
27322 43357
27327 43235
27329 38527
27333 48714
27346 45491
27349 18790
27363 42483
27397 11860
27410 14049
27411 11937
27419 41561
27420 32035
27423 45110
27453 19870
27461 17986
27464 27465
27465 27464
27476 28219
27512 49929
27513 13964
27516 38720
27532 52704
27534 13395
27546 30280
27547 35917
27557 38629
27559 10890
27562 14634
27565 10571
27574 53029
27577 21245
27583 10609
27586 15755
27608 21237
27638 45260
27645 37809
27671 37302
27682 20582
27688 27972
27689 39298
27703 46634
27716 50330
27719 11069
27723 15064
27725 29902
27734 11563
27740 29357
27746 42007
27747 20414
27763 36999
27767 32275
27770 17557
27771 48413
27789 44432
27792 42082
27795 39926
27800 43263
27825 38959
27839 16665
27862 19241
27868 41593
27869 39455
27873 33103
27875 48965
27878 25799
27886 29388
27897 39473
27902 9882
27911 51484
27912 25471
27921 13747
27922 40267
27924 44274
27949 30867
27952 26472
27962 43000
27972 27688
27977 31419
27988 15161
27990 35111
28012 24835
28019 41420
28036 35297
28042 14027
28044 31635
28046 39400
28051 20234
28060 24536
28066 9778
28075 13609
28081 19033
28088 44118
28098 40020
28120 24768
28129 40304
28155 53159
28170 16045
28171 33831
28175 45482
28178 15224
28184 45320
28192 43368
28197 17348
28206 33163
28207 12316
28211 24682
28212 16051
28224 27282
28241 48522
28259 17322
28268 41689
28272 16449
28277 43642
28283 40627
28306 38950
28317 44628
28329 32679
28349 53254
28360 37392
28361 49921
28373 23371
28391 42814
28406 11476
28411 10978
28416 19835
28429 10534
28430 23172
28434 37347
28452 35438
28453 15622
28460 54778
28461 33394
28465 51272
28483 18847
28486 32428
28487 17886
28554 18699
28566 22346
28569 51227
28572 39338
28579 39120
28580 15620
28587 37371
28589 53551
28606 49774
28611 16082
28618 31281
28620 36350
28628 21179
28652 51623
28672 11098
28678 18899
28687 18205
28688 24814
28703 48514
28707 22881
28710 48097
28716 17145
28768 35690
28769 20909
28771 14549
28772 30233
28777 29177
28787 15435
28789 32586
28806 31106
28815 43128
28825 51350
28837 37790
28838 47683
28844 39706
28849 34419
28871 10403
28872 14520
28875 12852
28878 16968
28888 38002
28890 51429
28900 41946
28905 19073
28914 50369
28923 40741
28934 39559
28944 33812
28952 22911
28967 11654
28978 32055
28981 29044
28985 36804
28994 40021
28995 51657
29000 33381
29001 47756
29008 26020
29012 55514
29018 39261
29020 39801
29023 33481
29037 52491
29041 31482
29043 34530
29044 28981
29066 25743
29068 41077
29074 29982
29081 30826
29102 21328
29105 13220
29114 32352
29122 47621
29127 46856
29128 10115
29129 27022
29156 18718
29163 50715
29169 41542
29175 34552
29177 28777
29181 44680
29182 36584
29188 26845
29191 19323
29193 52768
29210 42292
29217 16475
29238 22043
29243 35905
29261 14456
29273 26009
29276 30158
29278 42503
29285 33736
29296 13198
29297 13811
29303 39095
29309 10578
29321 15952
29326 41638
29330 20634
29339 33284
29354 33518
29357 27740
29358 54234
29386 41512
29392 42588
29398 22247
29400 9124
29414 16166
29416 14408
29419 30039
29470 40775
29476 40153
29477 9343
29487 17279
29500 35818
29512 30177
29529 9157
29544 37710
29548 36255
29553 41825
29557 13391
29563 10734
29567 12938
29579 22943
29580 30753
29585 46429
29592 47143
29594 39164
29612 16852
29630 9928
29639 20083
29644 43019
29647 48441
29652 31034
29676 13553
29678 27288
29694 14144
29698 9049
29699 24809
29717 11736
29729 48257
29748 45541
29761 41241
29769 34213
29775 44906
29779 29799
29788 26915
29799 29779
29807 50121
29810 40471
29822 19542
29831 15082
29853 23181
29869 51833
29895 39671
29902 27725
29907 24612
29912 34815
29927 40911
29928 21522
29931 11127
29937 34217
29943 37549
29954 12835
29960 13849
29970 18304
29971 17637
29976 20458
29982 29074
29988 11961
29999 40548
30007 11978
30018 9186
30021 34232
30027 43451
30032 44684
30040 17654
30051 42600
30103 49998
30121 19148
30141 37647
30143 42455
30158 29276
30164 43672
30167 31340
30175 33440
30177 29512
30178 15374
30186 39283
30190 19260
30192 53021
30213 17400
30231 49957
30233 28772
30235 34726
30247 14336
30258 38722
30262 11958
30287 40965
30290 35876
30302 30364
30303 39710
30309 23812
30316 18603
30320 40647
30325 46061
30326 22700
30333 18137
30334 44622
30361 22907
30364 30302
30374 14066
30379 42389
30387 45996
30405 34829
30408 36256
30421 53697
30424 48062
30429 9079
30444 15180
30450 32029
30451 9653
30456 53788
30466 38458
30470 41432
30476 12723
30489 18135
30490 51855
30497 13242
30521 35457
30522 16395
30526 24996
30554 10631
30568 41783
30580 20656
30582 53090
30584 53506
30589 44298
30609 32232
30636 35654
30637 25453
30640 13074
30650 38517
30658 34934
30667 50184
30699 17846
30712 57964
30714 24819
30725 33219
30745 33369
30753 29580
30755 17355
30756 19462
30773 21621
30783 19576
30787 21474
30803 23012
30804 35974
30812 40241
30813 22449
30816 12340
30826 29081
30827 43915
30829 50510
30836 24995
30842 47785
30851 40895
30855 14812
30856 19015
30867 27949
30875 23233
30876 11464
30892 24430
30905 22096
30913 12534
30948 37258
30949 22617
30987 45144
30994 23900
31013 33688
31019 11092
31027 38332
31034 29652
31052 48667
31063 39829
31073 12098
31075 34166
31085 23739
31089 34208
31106 28806
31113 40550
31118 51155
31128 15929
31142 36486
31150 48812
31164 23717
31165 24467
31174 39513
31186 12269
31202 46207
31206 45460
31227 21527
31274 36918
31280 37880
31281 28618
31287 25751
31297 18521
31306 43762
31318 50897
31321 13875
31329 35628
31340 30167
31353 27121
31357 49946
31360 35344
31378 34410
31392 32596
31398 24767
31402 20052
31413 14424
31419 27977
31423 20803
31424 34193
31472 31736
31477 44852
31482 29041
31484 17966
31490 24144
31494 43547
31511 48727
31533 21533
31540 23111
31544 49887
31549 12800
31555 50308
31558 45488
31565 11047
31571 37846
31591 53969
31596 25925
31608 27194
31617 9115
31639 42247
31644 40323
31649 23079
31654 22862
31663 11954
31668 21284
31673 46432
31681 33164
31691 24075
31722 47114
31729 22087
31730 10146
31736 31472
31741 11133
31747 21514
31748 21887
31762 20950
31785 13163
31795 16766
31810 10080
31814 10652
31821 10725
31822 35926
31834 9823
31837 35775
31841 24769
31851 32008
31857 20912
31860 20504
31862 13445
31878 22331
31881 11916
31898 49668
31901 42678
31938 10958
31940 55020
31943 50814
31952 52113
31964 48816
31982 14068
31986 45638
31989 48615
31995 38707
32008 31851
32010 29889
32018 33198
32029 30450
32034 24257
32051 13570
32071 18043
32072 14799
32097 24337
32098 38384
32109 17125
32116 52567
32139 20774
32145 9381
32166 22436
32194 21186
32232 30609
32241 16662
32242 16139
32244 20859
32273 39819
32274 33297
32275 27767
32277 23459
32317 40076
32323 9409
32324 12081
32329 40779
32333 41659
32352 29114
32366 42100
32369 25299
32370 35657
32378 16084
32381 13040
32399 22141
32402 49007
32412 11264
32417 12325
32420 22289
32428 28486
32431 48263
32435 16348
32443 16709
32448 45049
32453 9624
32454 13990
32459 49811
32464 22872
32466 23570
32474 21392
32479 26930
32486 40930
32492 45507
32513 17883
32517 12908
32522 49629
32527 51873
32535 40621
32543 49956
32544 9348
32562 44606
32572 20465
32573 10192
32578 10505
32580 41300
32582 48538
32585 20795
32586 28789
32594 19689
32596 31392
32620 44153
32633 46131
32671 35032
32679 28329
32681 10217
32685 14079
32695 19537
32710 19085
32744 45374
32754 18576
32755 9005
32774 21919
32781 16439
32788 39956
32794 43789
32798 38600
32805 20450
32808 35668
32814 21195
32815 13733
32817 21530
32836 24663
32850 48070
32855 43905
32867 18193
32875 48077
32897 48385
32909 33832
32926 18669
32941 12935
32945 39692
32957 15020
32960 41417
32970 18446
32985 36967
32987 19951
32995 38916
32998 43611
33011 52153
33016 40692
33019 24707
33020 37273
33047 13404
33060 44111
33061 26700
33066 44128
33070 14772
33100 37750
33154 21928
33155 53310
33157 42932
33163 28206
33164 31681
33175 41538
33177 11886
33196 18219
33198 32018
33217 19621
33219 30725
33220 40857
33225 39858
33228 43382
33230 26393
33232 36373
33236 13746
33247 14032
33248 40761
33251 40565
33252 38999
33254 22394
33266 17584
33282 16050
33284 29339
33297 32274
33299 43317
33306 35361
33308 38147
33321 20447
33332 17908
33341 19433
33342 45426
33347 49853
33353 42162
33362 17580
33368 40105
33369 30745
33373 39643
33377 12489
33381 29000
33386 16003
33392 25346
33394 28461
33407 41209
33412 20107
33426 25670
33428 20203
33430 27307
33436 24950
33454 49348
33460 44750
33481 29023
33485 17722
33502 9085
33505 24856
33509 46324
33527 47489
33529 26252
33535 17898
33536 14312
33555 46250
33561 42157
33644 51250
33652 23307
33664 9747
33707 39128
33723 16816
33730 13951
33732 37373
33736 29285
33753 12511
33759 17836
33768 47289
33770 27219
33786 47745
33788 35338
33800 9689
33802 46690
33812 28944
33813 19287
33831 28171
33832 32909
33834 45961
33848 9999
33849 25282
33863 19354
33864 10322
33866 11530
33881 24172
33887 25070
33896 15652
33904 35232
33936 23036
33938 37781
33942 19920
33950 42518
33953 9058
33989 40053
34006 11876
34009 37477
34024 49042
34045 36154
34084 19222
34087 46441
34091 17471
34093 44177
34094 22679
34097 45463
34100 21868
34101 43046
34140 47820
34150 16374
34152 11927
34164 15466
34168 37329
34170 40938
34179 40166
34191 12627
34193 31424
34208 31089
34212 38535
34213 29769
34217 29937
34232 30021
34233 26240
34234 15008
34235 26834
34257 36355
34281 36268
34292 52945
34297 18026
34315 16341
34331 26317
34337 14271
34349 21780
34365 45360
34390 17107
34400 18034
34402 42946
34407 26971
34409 23091
34410 31378
34419 28849
34431 11073
34446 10927
34451 45823
34454 35830
34465 24693
34480 23789
34508 42001
34509 49881
34517 51114
34518 37289
34530 29043
34538 39098
34543 35821
34552 29175
34570 9709
34589 36115
34594 12904
34600 12244
34615 9197
34628 37638
34630 46779
34632 48090
34648 22591
34661 22808
34667 17971
34675 11000
34677 43171
34687 23291
34693 48787
34696 43007
34714 37433
34726 30235
34731 49865
34733 19003
34736 36290
34749 25194
34756 42707
34771 32916
34773 17039
34777 19558
34795 44807
34815 29912
34829 30405
34840 10859
34843 51729
34844 16130
34845 14611
34853 21886
34856 24735
34867 21693
34880 42211
34888 24803
34889 16464
34898 24439
34899 17369
34904 20865
34917 44776
34932 41795
34934 30658
34938 10983
34942 42411
34946 42458
34970 11986
34974 10272
34978 40880
34981 44091
34984 15563
34985 14760
35013 36275
35015 46239
35017 27181
35020 24624
35031 24018
35032 32671
35046 13543
35062 25454
35083 43917
35092 45429
35093 26994
35108 53288
35111 27990
35112 52714
35114 19813
35116 15480
35124 43550
35132 27176
35133 21333
35163 36751
35170 48856
35180 17141
35198 23008
35222 37153
35223 16566
35229 47360
35232 33904
35244 36079
35248 45310
35268 26683
35293 16188
35313 53504
35317 25172
35327 13440
35334 52819
35338 33788
35341 14346
35343 13059
35344 31360
35371 47508
35375 35688
35385 20763
35389 9189
35407 22022
35420 17427
35438 28452
35445 13870
35455 39949
35457 30521
35458 10829
35467 20309
35476 26667
35482 42113
35540 53077
35541 39936
35559 46248
35570 21327
35602 14001
35603 48738
35627 42562
35628 31329
35642 35745
35651 24271
35654 30636
35657 32370
35668 32808
35673 41145
35676 46577
35688 35375
35689 24832
35690 28768
35711 38364
35722 44960
35745 35642
35767 48896
35775 31837
35788 12454
35803 13636
35818 29500
35821 34543
35829 11652
35830 34454
35832 12226
35845 38804
35852 21652
35856 46709
35872 41435
35876 30290
35892 15632
35905 29243
35917 27547
35918 38389
35926 31822
35935 23286
35945 23822
35960 9538
35963 13320
35966 23626
35967 36309
35973 38889
35974 30804
35977 40821
36002 18149
36014 36720
36016 18195
36030 12440
36032 20983
36077 25899
36079 35244
36090 20647
36093 40003
36115 34589
36117 39756
36123 26690
36124 39090
36134 44670
36151 45556
36154 34045
36157 23295
36181 18440
36197 45648
36199 9744
36218 19142
36220 18989
36255 29548
36256 30408
36267 38573
36268 34281
36270 24913
36275 35013
36290 34736
36298 52011
36309 35967
36318 25602
36320 43899
36332 46283
36350 28620
36358 17786
36380 19111
36382 12237
36385 24299
36396 9494
36405 25967
36426 14912
36436 14996
36441 37599
36445 11389
36451 43735
36467 23263
36468 17008
36484 26343
36486 31142
36496 46415
36500 25621
36503 21769
36549 14221
36558 23466
36570 51770
36584 29182
36585 38942
36594 24415
36616 18030
36621 18963
36623 16656
36636 11335
36644 24543
36650 17840
36653 26486
36679 26713
36686 52317
36729 42274
36747 21139
36762 11632
36772 39947
36794 50542
36798 23102
36799 10075
36802 38566
36804 28985
36824 47518
36835 13020
36865 43640
36868 14107
36871 17054
36935 46182
36939 46189
36962 16465
36981 46711
36999 27763
37011 16905
37020 17372
37034 12105
37043 17814
37055 38668
37057 41619
37069 43703
37076 9239
37102 18618
37106 12806
37120 43997
37145 41247
37153 35222
37172 38509
37173 9030
37188 14885
37189 21205
37196 31194
37200 39479
37206 41097
37232 22105
37233 41390
37243 36429
37248 17860
37250 9469
37258 30948
37265 11378
37273 33020
37280 37444
37281 20930
37289 34518
37296 40099
37302 27671
37316 41897
37319 15732
37324 45844
37329 34168
37334 37717
37371 28587
37373 33732
37376 23778
37392 28360
37395 22319
37401 9007
37413 45546
37415 15110
37444 37280
37448 11600
37470 19633
37472 47347
37477 34009
37485 48287
37498 10991
37504 41781
37509 13804
37510 41358
37525 21611
37529 47551
37589 43864
37591 40255
37593 27110
37595 22610
37599 36441
37601 46832
37604 44080
37609 53061
37610 57401
37638 34628
37647 30141
37653 41033
37686 38964
37687 42490
37692 50673
37696 46233
37710 29544
37717 37334
37746 51615
37750 33100
37751 17575
37753 16406
37790 28837
37793 46394
37809 27645
37846 31571
37856 19681
37873 41253
37880 31280
37883 38286
37900 22226
37921 20612
37922 44049
37925 14086
37940 12166
37945 52946
37948 13667
37949 40983
37955 44077
37968 39452
37975 23525
37984 50568
37992 43017
38013 39944
38028 9425
38029 14488
38039 19184
38054 12966
38057 49197
38068 22685
38088 42429
38095 18860
38096 21702
38097 10149
38126 20086
38135 14521
38147 33308
38150 47957
38154 42665
38160 13450
38188 50802
38193 17336
38200 14977
38204 50507
38215 17417
38228 12198
38233 12133
38253 15855
38255 50084
38257 47615
38265 17658
38275 44637
38277 17077
38284 26623
38286 37883
38299 38598
38311 25464
38316 43209
38329 53826
38331 40773
38332 31027
38339 24713
38341 15797
38343 45634
38362 51329
38364 35711
38368 25130
38374 40567
38378 17004
38384 32098
38385 15529
38387 19873
38389 35918
38395 13614
38405 11508
38410 39814
38421 15260
38444 25426
38457 42362
38458 30466
38462 25340
38476 41842
38489 47903
38496 22535
38509 37172
38514 13526
38517 30650
38527 27329
38535 34212
38539 48991
38555 16199
38566 36802
38573 36267
38598 38299
38603 40573
38611 41401
38615 39916
38629 27557
38639 43415
38664 49755
38668 37055
38699 14178
38707 31995
38720 27516
38722 30258
38724 16934
38725 9281
38751 11232
38773 18019
38784 16102
38804 35845
38816 26354
38842 54735
38866 17108
38879 16058
38889 35973
38916 32995
38924 20417
38931 14422
38942 36585
38946 53152
38950 28306
38959 27825
38964 37686
38973 51411
38977 45099
38993 56713
38994 15179
38998 47550
38999 33252
39024 24772
39028 42346
39072 42016
39090 36124
39098 34538
39100 41770
39106 53584
39120 28579
39126 16909
39128 33707
39133 26090
39141 13647
39164 29594
39169 39637
39179 48749
39194 55830
39211 50526
39217 13113
39221 44746
39231 42658
39232 53203
39234 26541
39248 43995
39261 29018
39283 30186
39284 20793
39298 27689
39302 16661
39308 25478
39314 19424
39327 25611
39328 12296
39338 28572
39346 49160
39349 17011
39352 42131
39353 18587
39367 9283
39389 14708
39399 13393
39400 28046
39416 49028
39440 9597
39451 22762
39452 37968
39453 51748
39454 24618
39455 27869
39468 43165
39473 27897
39476 9629
39479 37200
39481 39652
39501 20438
39513 31174
39517 44485
39519 13670
39538 41016
39541 20778
39547 25861
39559 28934
39590 43223
39624 40757
39637 39169
39643 33373
39645 44802
39652 39481
39658 15739
39671 29895
39692 32945
39695 9570
39696 39745
39700 12393
39706 28844
39726 46430
39729 23519
39745 39696
39756 36117
39774 25836
39792 19477
39800 21486
39801 29020
39803 51830
39810 48966
39813 25433
39814 38410
39819 32273
39822 19990
39829 31063
39858 33225
39860 53533
39863 17988
39892 21319
39893 13169
39898 42480
39908 43423
39915 22014
39926 27795
39927 17765
39933 45201
39936 35541
39944 38013
39947 36772
39949 35455
39952 22334
39956 32788
39976 45505
39980 24267
39983 15938
39989 50991
39997 9650
40002 48111
40003 36093
40006 17994
40007 50251
40018 55609
40021 28994
40023 20811
40027 48310
40028 22656
40030 24266
40053 33989
40076 32317
40099 37296
40105 33368
40110 9095
40112 45219
40150 42499
40166 34179
40191 48493
40209 11178
40226 26938
40241 30812
40245 49138
40255 37591
40258 40478
40260 21709
40274 25039
40304 28129
40323 31644
40360 15756
40366 46904
40370 9656
40377 13678
40387 15475
40394 45180
40398 11804
40420 20365
40428 20692
40459 26505
40466 19884
40471 29810
40478 40258
40538 48644
40548 29999
40550 31113
40564 16463
40565 33251
40567 38374
40569 11214
40573 38603
40621 32535
40627 28283
40630 23282
40632 20697
40647 30320
40653 12374
40661 14854
40676 22054
40692 33016
40697 16459
40701 11622
40724 45252
40756 14029
40757 39624
40761 33248
40773 38331
40775 29470
40779 32329
40783 13779
40793 23491
40799 54112
40805 26820
40821 35977
40840 16300
40843 45564
40857 33220
40858 50985
40861 51499
40880 34978
40881 10277
40894 40918
40911 29927
40918 40894
40930 32486
40938 34170
40952 48733
40965 30287
40983 37949
41000 48637
41031 25686
41033 37653
41038 47901
41052 20323
41097 37206
41117 11761
41130 42260
41133 50417
41143 44605
41145 35673
41152 44874
41156 50408
41194 23186
41209 33407
41219 47880
41221 12584
41241 29761
41247 37145
41249 17424
41253 37873
41254 27268
41256 39869
41267 25025
41280 20337
41300 32580
41308 45191
41311 17423
41318 42853
41355 17364
41358 37510
41372 46688
41390 37233
41396 13317
41401 38611
41415 18452
41417 32960
41420 28019
41428 49000
41432 30470
41441 9182
41450 14380
41456 20565
41465 43402
41483 17197
41512 29386
41550 26087
41561 27419
41583 51622
41588 46815
41593 27868
41631 24531
41638 29326
41649 11014
41658 25805
41683 9843
41689 28268
41741 43641
41745 45686
41752 44355
41764 24726
41770 39100
41781 37504
41783 30568
41795 34932
41803 51261
41809 10378
41810 11394
41816 15286
41825 29553
41835 12006
41840 27298
41842 38476
41876 12716
41883 21381
41897 37316
41898 16821
41921 45528
41946 28900
41956 23065
41958 17530
41965 45098
41980 43919
41996 15130
42001 34508
42007 27746
42013 20738
42016 39072
42052 26973
42056 18206
42082 27792
42092 43044
42100 32366
42109 44407
42113 35482
42131 39352
42140 12375
42151 15860
42157 33561
42159 10899
42162 33353
42172 14964
42185 45550
42199 44262
42204 15859
42211 34880
42225 47099
42226 44486
42245 9550
42247 31639
42260 41130
42274 36729
42292 29210
42294 19472
42311 20177
42327 12764
42357 13276
42362 38457
42366 15202
42389 30379
42411 34942
42415 13648
42427 43366
42429 38088
42431 22705
42455 30143
42458 34946
42464 29607
42468 47439
42474 19450
42480 39898
42482 24217
42483 27363
42488 15270
42490 37687
42496 20215
42497 49301
42499 40150
42503 29278
42509 12814
42518 33950
42537 17547
42545 49151
42562 35627
42567 13683
42570 26333
42600 30051
42608 42379
42609 26518
42658 39231
42665 38154
42670 14165
42671 20954
42678 31901
42707 34756
42709 48985
42778 43468
42784 45739
42802 14769
42808 47671
42814 28391
42823 14839
42831 14080
42841 49952
42846 51473
42853 41318
42855 50471
42864 13313
42886 15034
42932 33157
42938 48342
42942 10878
42946 34402
42957 24658
42960 14582
42967 17360
42976 19879
42989 14212
43000 27962
43007 34696
43012 27162
43017 37992
43019 29644
43031 15925
43044 42092
43046 34101
43067 51649
43079 10913
43128 28815
43139 11205
43143 21268
43157 10302
43165 39468
43171 34677
43206 18108
43209 38316
43213 47581
43223 39590
43224 22826
43230 20397
43243 12097
43250 20660
43255 10593
43263 27800
43265 19011
43289 16750
43303 13569
43305 45859
43317 33299
43319 21169
43357 27322
43366 42427
43368 28192
43376 23379
43382 33228
43386 23831
43389 43801
43415 38639
43423 39908
43448 50475
43451 30027
43455 11283
43460 51701
43468 42778
43487 51883
43488 26102
43492 53419
43508 11436
43519 11112
43547 31494
43550 35124
43552 44625
43557 19648
43580 45714
43584 50331
43600 22789
43611 32998
43626 8946
43640 36865
43641 41741
43642 28277
43646 12841
43672 30164
43702 20321
43714 23167
43723 9718
43726 27058
43738 18511
43740 12556
43741 34321
43749 13403
43761 22351
43762 31306
43801 43389
43802 13085
43813 10852
43838 52261
43850 17353
43853 17760
43876 17135
43877 49169
43899 36320
43905 32855
43915 30827
43917 35083
43950 9412
43965 22479
43984 28321
43986 50068
43993 9775
43995 39248
43997 37120
44003 21290
44033 13284
44049 37922
44075 12446
44077 37955
44080 37604
44091 34981
44107 10756
44111 33060
44118 28088
44121 9581
44128 33066
44131 25348
44153 32620
44160 45311
44177 34093
44183 8972
44193 15512
44232 44855
44262 42199
44269 16621
44274 27924
44298 30589
44306 54634
44312 22166
44325 10101
44355 41752
44362 12061
44363 9135
44389 11844
44390 25874
44409 51719
44412 20887
44432 27789
44435 25817
44436 9547
44452 19349
44485 39517
44486 42226
44489 25160
44503 47044
44507 51913
44518 44817
44526 10096
44529 16832
44552 25719
44574 12252
44605 41143
44622 30334
44625 43552
44626 19305
44628 28317
44634 22374
44645 21377
44651 12865
44658 15497
44662 12524
44666 22713
44670 36134
44672 54676
44680 29181
44684 30032
44690 23653
44745 24465
44746 39221
44767 25290
44777 22093
44795 11588
44802 39645
44803 15954
44807 34795
44811 30157
44817 44518
44818 15134
44833 20283
44855 44232
44874 41152
44876 22877
44905 15806
44906 29775
44933 50083
44952 14286
44960 35722
44973 24348
44987 12537
45028 49883
45043 25628
45044 26212
45049 32448
45050 19726
45066 11878
45087 46303
45098 41965
45099 38977
45103 15943
45110 27423
45138 18182
45144 30987
45147 15275
45157 47117
45168 23075
45180 40394
45191 41308
45201 39933
45204 21620
45219 40112
45252 40724
45260 27638
45261 16414
45272 56060
45310 35248
45311 44160
45344 54772
45360 34365
45374 32744
45402 46253
45429 35092
45459 17655
45463 34097
45482 28175
45488 31558
45490 56733
45491 27346
45505 39976
45508 20914
45514 54400
45525 47256
45528 41921
45531 13444
45533 51101
45541 29748
45546 37413
45548 22256
45550 42185
45556 36151
45564 40843
45567 40824
45593 17240
45623 14392
45625 24423
45629 24874
45634 38343
45645 39290
45648 36197
45662 19938
45664 51773
45686 41745
45696 16590
45722 48625
45739 42784
45768 9731
45775 13229
45784 13696
45823 34451
45848 11710
45859 43305
45861 21216
45862 21506
45863 10355
45904 12743
45935 19617
45945 15711
45956 13825
45961 33834
45969 55439
45978 47521
45985 14132
45987 24245
45996 30387
46034 46999
46043 24390
46048 11401
46051 13642
46085 47699
46093 18820
46130 50157
46131 32633
46182 36935
46183 15757
46187 13193
46207 31202
46214 11060
46231 16552
46233 37696
46239 35015
46250 33555
46253 45402
46261 27275
46283 36332
46284 33808
46303 45087
46305 9785
46313 24283
46327 19215
46336 18809
46342 24551
46353 24068
46392 19834
46394 37793
46411 19188
46415 36496
46430 39726
46432 31673
46435 21504
46436 46378
46441 34087
46477 47350
46534 11868
46538 49354
46545 46796
46552 14841
46562 22774
46576 47835
46590 24571
46613 37976
46623 25345
46634 27703
46641 51799
46679 51198
46690 33802
46724 23393
46728 15854
46739 22864
46755 16704
46779 34630
46787 12485
46793 17346
46796 46545
46805 9805
46836 14191
46886 19130
46904 40366
46959 16551
46969 25845
46974 47304
46979 22248
46996 19065
46999 46034
47044 44503
47071 22395
47092 13212
47114 31722
47117 45157
47124 18486
47143 29592
47163 15036
47171 54119
47230 16974
47237 12445
47242 24094
47249 15707
47251 14500
47256 45525
47266 14830
47289 33768
47304 46974
47306 54591
47322 23436
47347 37472
47350 46477
47360 35229
47378 17768
47397 54826
47398 14437
47402 12612
47407 23829
47428 25036
47439 42468
47441 15253
47465 56671
47489 33527
47499 19725
47508 35371
47518 36824
47521 45978
47550 38998
47556 25938
47581 43213
47615 38257
47621 29122
47633 23610
47658 24797
47671 42808
47683 28838
47684 48540
47733 17508
47742 16056
47745 33786
47768 21787
47800 15724
47811 18867
47816 10204
47820 34140
47831 21182
47835 46576
47880 41219
47901 41038
47903 38489
47920 51438
47944 25175
47968 25035
47975 26033
47979 17935
47980 23994
47984 48260
47986 16938
48009 26016
48070 32850
48077 32875
48085 56175
48090 34632
48097 28710
48111 40002
48114 20748
48124 22578
48134 19328
48206 51111
48257 29729
48260 47984
48263 32431
48287 37485
48327 18731
48342 42938
48365 19418
48385 32897
48400 21390
48403 8987
48413 27771
48416 23005
48438 9523
48441 29647
48475 16548
48491 26563
48493 40191
48514 28703
48517 14510
48522 28241
48538 32582
48540 47684
48545 19084
48550 14252
48604 25887
48615 31989
48625 45722
48637 41000
48667 31052
48691 24756
48699 17413
48714 27333
48727 31511
48729 19381
48760 53831
48787 34693
48812 31150
48816 31964
48847 13840
48856 35170
48896 35767
48897 24012
48910 17016
48935 27915
48947 13238
48965 27875
48975 49445
48984 27000
48985 42709
48991 38539
48993 17624
49000 41428
49003 18260
49028 39416
49042 34024
49091 24357
49098 26804
49126 25191
49138 40245
49151 42545
49160 39346
49169 43877
49197 38057
49239 14016
49251 11533
49258 22770
49301 42497
49348 33454
49354 46538
49358 13782
49375 18905
49389 20186
49437 18465
49445 48975
49509 23205
49510 47636
49521 25664
49539 11673
49567 19219
49606 13321
49607 19448
49618 56726
49629 32522
49668 31898
49752 15601
49755 38664
49774 28606
49776 25143
49799 10790
49811 32459
49829 26291
49853 33347
49865 34731
49883 45028
49887 31544
49921 28361
49939 54205
49946 31357
49952 42841
49956 32543
49957 30231
49979 13668
49998 30103
50083 44933
50084 38255
50121 29807
50122 14135
50157 46130
50178 17983
50184 30667
50235 19956
50242 15823
50246 14046
50251 40007
50281 16601
50293 8951
50294 23780
50308 31555
50330 27716
50369 28914
50370 27048
50372 20310
50408 41156
50417 41133
50453 14289
50457 26023
50471 42855
50475 43448
50478 17232
50502 24401
50507 38204
50510 30829
50526 39211
50542 36794
50632 50312
50647 11567
50661 10450
50673 37692
50726 14035
50740 11759
50749 12527
50814 31943
50871 11452
50872 16030
50897 31318
50949 13199
50991 39989
51013 19719
51038 13741
51101 45533
51111 48206
51114 34517
51117 9262
51155 31118
51156 25168
51198 46679
51202 23464
51235 16356
51261 41803
51307 13785
51329 38362
51397 20854
51411 38973
51429 28890
51438 47920
51449 26305
51473 42846
51483 52308
51484 27911
51499 40861
51570 10396
51584 58236
51615 37746
51622 41583
51623 28652
51701 43460
51729 34843
51745 17487
51748 39453
51769 23149
51770 36570
51799 46641
51829 26417
51830 39803
51848 23067
51869 10562
51873 32527
51883 43487
51913 44507
51985 13431
52011 36298
52026 12597
52038 10649
52113 31952
52153 33011
52223 18659
52235 11418
52261 43838
52286 23456
52308 51483
52317 36686
52424 17128
52452 18325
52491 29037
52543 18188
52545 13492
52567 32116
52585 10464
52637 16083
52708 26129
52714 35112
52819 35334
52853 13898
52863 10196
52945 34292
52946 37945
52967 13071
52979 18640
53021 30192
53029 27574
53077 35540
53092 12353
53112 13142
53140 23773
53142 12555
53152 38946
53159 28155
53191 23847
53203 39232
53204 26289
53254 28349
53288 35108
53406 27139
53419 43492
53423 11258
53504 35313
53506 30584
53527 21818
53533 39860
53539 17704
53549 18897
53551 28589
53557 54738
53584 39106
53592 10558
53697 30421
53746 13976
53760 15804
53767 15218
53783 43378
53817 20463
53826 38329
53831 48760
53969 31591
54070 17268
54112 40799
54119 47171
54153 20219
54205 49939
54234 29358
54397 24970
54400 45514
54406 23686
54455 28700
54591 47306
54634 44306
54676 44672
54738 53557
54749 20804
54772 45344
54778 28460
55007 11944
55020 31940
55166 13003
55431 9011
55439 45969
55463 21813
55514 29012
55576 10717
55807 25377
55830 39194
55859 11104
55867 22716
56030 12460
56060 45272
56081 13185
56105 13075
56175 48085
56291 23633
56671 47465
56713 38993
56726 49618
56733 45490
57068 20796
57323 15331
57401 37610
57570 14995
57576 27235
57786 11807
57964 30712
58236 51584
58533 25533
59815 14214
60886 24015
63159 9144
