430 45224
448 54680
456 40444
625 33998
660 32242
755 38662
756 18367
815 36284
893 32348
901 28685
912 33888
947 58598
950 20401
986 42629
1014 20601
1036 37779
1096 21536
1098 40003
1128 52869
1137 27899
1157 52751
1174 27565
1175 49481
1176 42624
1207 35484
1218 18337
1273 42018
1276 58342
1313 42094
1314 51537
1362 15583
1372 36773
1385 51914
1422 42738
1424 39286
1427 25616
1445 23774
1450 39900
1483 20551
1499 43109
1521 55102
1523 19684
1547 42823
1550 47658
1601 42358
1626 26990
1641 36327
1643 18045
1645 30361
1647 30140
1725 11055
1736 46533
1779 28687
1782 52205
1784 20153
1798 31808
1843 37371
1855 40092
1890 43186
1895 25504
1912 30103
1915 56535
1927 50497
1928 52060
1968 23382
1981 21219
1989 37216
1992 42669
2006 50881
2069 34379
2073 42043
2082 42791
2085 37470
2086 17496
2101 8965
2137 16784
2141 23199
2182 46123
2191 46767
2245 52109
2270 38654
2290 26700
2308 33676
2326 51551
2327 16956
2331 55381
2334 43833
2335 13302
2341 29504
2344 34919
2352 14460
2359 43722
2372 39860
2379 19168
2401 43875
2441 37745
2457 22663
2460 38944
2463 15006
2466 39591
2477 54696
2500 31713
2501 53045
2508 19906
2545 45258
2552 16982
2574 41390
2587 45640
2590 28934
2594 8151
2604 19669
2609 29294
2618 52533
2621 13721
2627 29214
2646 37638
2659 17534
2662 15666
2663 60005
2684 11320
2704 7658
2708 15294
2713 19586
2725 11076
2726 54780
2735 59713
2753 50392
2756 47121
2760 48879
2770 60954
2775 47332
2778 41305
2818 34530
2823 20566
2826 45987
2862 24381
2867 36355
2876 30423
2878 16234
2901 54151
2915 23106
2933 41804
2934 57152
2950 31370
2957 27994
2967 13047
2991 14294
2993 51022
2996 51671
3011 34670
3028 41397
3029 34746
3058 55941
3076 20790
3077 19973
3110 37246
3126 20434
3131 7355
3132 22366
3141 16770
3144 17988
3147 15510
3153 10010
3157 32782
3158 51717
3176 30826
3177 34691
3178 30210
3188 31730
3197 60852
3205 30841
3212 46402
3220 36584
3240 45025
3257 44718
3272 34568
3279 51999
3280 44296
3289 62154
3295 25132
3307 55758
3325 32167
3360 43377
3368 12193
3373 10622
3406 26247
3424 34097
3431 15156
3437 36086
3442 46279
3452 48809
3465 25754
3490 35641
3495 46063
3513 28114
3515 24196
3519 13919
3529 30260
3558 37554
3569 12924
3574 33409
3576 16374
3582 28460
3598 48985
3605 43238
3608 48543
3613 30384
3615 24150
3639 8176
3643 42364
3649 23479
3665 37444
3667 33186
3678 27319
3679 41794
3680 39298
3702 11525
3726 36051
3728 45732
3734 28551
3735 17942
3738 45959
3748 41053
3750 26832
3752 33063
3764 40403
3776 4253
3784 35075
3785 29608
3791 6782
3800 15761
3801 24084
3805 15067
3812 10965
3814 32294
3821 44763
3823 20928
3824 37982
3825 27048
3851 15894
3878 37316
3879 51141
3900 31441
3911 9006
3922 16074
3925 46439
3946 8689
3955 48911
3958 43546
3969 54349
3978 56132
3979 24788
3988 27161
4013 34936
4025 40588
4042 22007
4049 49458
4051 50263
4052 55447
4060 37664
4066 42640
4069 22489
4077 16997
4078 10791
4082 44920
4089 45542
4092 55732
4109 19381
4111 14800
4132 29477
4138 21641
4139 47219
4144 39470
4149 30562
4153 16050
4155 36778
4157 32636
4170 46266
4171 33856
4174 16227
4178 26585
4179 50440
4184 61037
4206 37701
4211 51337
4223 44079
4246 15928
4249 41894
4273 18123
4289 17441
4329 46357
4334 44616
4340 31166
4374 13045
4379 50840
4394 34792
4402 30880
4412 68476
4414 56100
4415 24315
4427 13925
4429 18565
4432 16098
4433 37883
4458 31459
4468 33798
4471 28040
4493 53101
4501 5278
4507 50005
4520 30254
4527 44341
4532 17069
4538 25933
4548 47394
4559 20509
4560 17736
4566 36633
4586 9754
4597 22532
4604 53359
4624 21374
4648 33284
4649 24242
4654 44016
4668 21138
4669 37904
4673 30088
4690 48940
4694 43873
4697 8941
4706 45854
4707 10427
4711 17985
4720 51350
4724 21147
4731 24855
4736 38922
4741 21114
4748 23908
4771 28354
4776 34425
4780 28056
4789 27372
4792 33140
4806 46440
4814 17099
4840 42690
4844 17724
4848 25395
4869 12055
4883 36379
4884 46175
4887 20572
4894 9195
4904 20873
4910 16633
4918 48201
4923 43708
4931 37546
4944 41366
4946 17797
4955 49311
4959 48407
4984 38453
4985 9852
4998 13325
5033 10441
5041 42637
5044 45303
5055 33250
5056 15712
5061 49290
5076 18381
5089 51790
5092 38643
5103 13941
5109 19322
5111 44014
5131 56017
5141 13973
5153 45924
5154 5601
5158 49278
5165 43610
5170 49324
5175 51151
5189 35924
5198 33773
5205 34902
5211 47851
5217 13401
5225 38090
5247 20006
5248 39866
5251 23443
5254 20813
5270 17773
5272 13291
5273 27986
5287 16919
5298 34374
5299 20777
5302 38555
5304 41797
5307 22204
5345 22803
5353 9302
5354 31347
5355 8106
5356 43993
5357 47673
5368 54597
5370 28064
5373 47726
5374 36686
5380 43796
5387 25357
5402 51038
5405 39773
5414 35339
5420 6942
5423 31676
5426 47299
5434 11376
5442 49131
5453 26116
5455 18301
5461 38782
5475 37180
5487 8049
5490 12237
5505 32354
5513 10120
5521 44502
5526 39600
5531 12165
5551 25394
5552 8804
5570 37327
5645 36225
5672 48661
5675 20435
5684 50269
5685 24171
5706 8533
5718 36992
5733 24452
5741 62367
5743 18326
5748 10477
5754 48507
5765 38148
5767 24090
5794 50212
5815 11193
5818 30628
5822 30611
5826 33050
5834 42585
5835 11980
5838 53697
5839 29371
5844 45292
5854 49460
5870 44208
5872 39980
5889 8363
5918 47082
5919 34771
5928 53080
5931 15085
5935 27649
5947 49983
5958 33240
5959 57885
5965 17926
6003 26446
6011 44227
6013 48788
6030 20667
6031 11132
6040 40715
6045 15842
6057 47037
6067 49886
6068 40308
6070 34429
6071 21679
6091 43805
6093 48557
6095 21953
6103 7634
6115 33826
6123 24511
6125 26709
6128 63333
6129 8878
6132 19030
6136 51079
6155 12894
6157 31250
6161 32101
6182 41735
6183 16263
6194 51322
6195 13457
6199 22651
6200 12063
6206 27805
6210 32808
6211 9636
6215 42012
6218 47168
6239 9492
6265 22736
6266 41184
6278 26126
6283 27388
6294 43729
6296 48227
6299 62051
6307 29073
6314 33257
6315 40862
6316 18753
6317 40021
6320 25975
6325 53895
6332 37740
6341 49963
6344 9489
6368 24815
6398 39091
6402 34423
6410 27730
6431 30780
6464 22592
6469 15315
6481 27478
6484 28895
6494 13243
6502 7302
6523 14741
6527 26363
6530 30348
6536 37518
6548 8453
6553 46629
6564 24006
6568 39750
6570 41377
6571 7579
6587 44751
6605 7776
6606 30731
6609 36243
6615 34676
6643 11627
6645 12545
6657 46546
6673 41221
6675 21821
6679 7770
6693 29980
6711 48311
6715 27920
6737 15091
6754 15324
6770 32449
6777 18330
6792 33054
6804 60333
6815 38132
6820 43881
6823 7670
6838 16689
6856 17548
6878 45780
6881 55626
6888 17772
6890 37514
6896 12521
6901 36077
6906 38117
6907 26392
6916 38285
6920 50218
6932 13897
6936 10146
6937 55670
6939 50237
6945 13363
6952 7796
6953 19947
6973 18033
6986 43691
6994 26490
7006 10942
7008 34238
7015 26529
7018 24389
7030 40420
7040 16382
7041 36168
7082 8794
7083 7822
7084 55917
7085 9056
7089 10334
7097 32614
7108 36661
7111 17626
7117 19879
7122 10181
7128 21752
7136 49254
7164 17007
7165 37467
7170 27783
7190 38447
7200 30313
7204 56847
7207 42040
7211 9332
7218 45064
7223 22733
7226 36621
7231 20950
7236 8186
7244 31180
7252 13866
7262 17008
7265 28789
7268 38350
7277 23682
7287 9543
7309 50566
7315 31252
7317 40316
7321 55928
7324 18956
7325 39949
7327 43279
7340 31181
7351 36067
7356 43923
7360 39657
7377 8672
7386 17187
7398 14700
7407 40138
7423 11362
7426 46451
7430 25156
7432 59970
7436 32788
7443 24666
7459 18040
7462 12634
7471 27904
7483 26892
7497 28951
7507 51476
7509 12527
7512 13612
7526 22862
7540 32700
7558 45329
7564 24325
7566 47330
7570 13914
7585 11959
7597 18362
7598 32721
7600 51143
7606 14658
7611 38402
7616 46751
7627 42783
7649 30543
7653 30876
7655 14595
7662 46077
7667 10874
7668 23277
7699 28707
7700 37942
7705 52093
7716 33861
7739 17036
7745 38377
7757 15950
7765 33118
7777 54347
7783 24455
7792 18498
7799 9303
7802 32529
7804 34927
7805 34392
7816 24712
7829 21049
7831 22935
7851 42983
7871 54502
7899 11237
7907 45195
7914 17327
7924 31196
7932 21905
7944 21278
7952 53700
7957 35359
7963 54263
7969 20092
7971 15295
7980 27858
7994 44267
8001 47539
8009 46522
8031 38113
8033 18626
8035 46539
8051 39134
8052 28386
8056 39876
8071 25907
8075 10819
8079 39416
8080 51102
8086 23307
8101 23780
8133 46877
8141 22171
8150 46433
8152 39094
8158 29384
8159 27576
8161 35461
8167 41337
8168 20147
8172 26679
8177 8951
8187 32155
8204 41343
8209 23662
8214 23021
8218 34090
8223 13987
8230 21475
8233 28441
8234 51659
8238 43538
8243 32694
8244 22140
8249 40221
8252 47567
8265 45154
8268 12698
8282 25232
8286 44219
8289 10456
8296 28695
8301 53453
8318 25163
8319 42981
8327 30769
8332 49476
8335 33449
8336 31406
8357 23581
8359 23123
8365 18255
8369 16667
8386 23389
8398 46760
8399 44664
8418 35033
8425 24294
8432 22530
8450 45529
8455 29046
8465 49070
8466 40686
8477 9469
8480 30926
8485 23157
8491 13074
8495 25910
8514 24804
8515 45643
8516 10654
8519 41232
8522 39463
8524 29360
8536 14047
8537 32139
8557 48678
8564 14120
8567 37991
8571 9409
8572 32922
8573 44549
8576 13329
8586 45205
8600 36643
8609 52347
8613 45089
8621 37804
8623 34407
8626 38752
8637 48679
8640 14467
8641 27219
8648 25077
8653 52785
8661 36818
8667 20064
8683 43712
8692 15243
8710 23739
8713 34667
8725 17700
8742 15420
8747 43633
8755 9689
8767 15834
8772 14848
8776 25204
8781 29377
8785 20202
8789 16223
8790 50875
8796 62905
8798 27846
8813 36495
8819 33201
8824 30474
8841 35716
8854 21435
8860 12803
8861 43140
8864 21032
8865 45095
8883 42577
8887 53558
8896 26750
8904 30994
8905 24642
8908 33695
8912 51023
8919 42980
8920 39923
8927 37600
8929 44078
8935 30990
8938 30104
8943 49135
8947 47514
8961 22471
8977 32589
8986 49924
8994 40694
9003 31172
9009 19849
9025 18970
9033 26267
9040 15353
9045 46575
9046 9054
9075 35231
9076 47563
9080 27508
9095 21089
9096 27968
9113 24187
9133 10639
9134 29940
9135 37279
9144 11963
9147 32590
9157 12944
9158 53399
9168 36833
9169 40886
9178 32811
9180 34153
9184 24399
9186 11268
9188 38174
9205 16648
9208 29991
9211 51389
9227 23210
9229 28892
9255 32807
9261 22711
9267 33899
9279 32718
9295 55315
9304 39895
9305 11496
9306 20395
9308 51800
9313 40279
9324 21847
9326 24521
9331 38051
9338 44220
9339 50616
9373 10159
9374 24679
9375 30419
9380 43470
9413 59557
9431 40517
9443 45543
9463 47175
9476 49834
9481 48804
9493 47192
9496 17085
9500 44513
9505 54184
9510 20447
9521 10557
9541 23427
9547 49529
9565 61433
9569 31914
9578 17238
9582 26870
9596 13797
9614 39465
9620 17835
9627 40842
9628 23341
9634 18253
9635 16593
9650 49716
9651 51892
9667 30609
9670 37414
9672 26879
9675 12064
9678 15539
9693 11378
9700 31278
9709 51925
9726 35354
9728 51782
9729 26328
9732 37572
9733 18142
9743 14605
9760 16133
9773 13022
9778 45270
9784 39191
9786 41362
9819 39601
9837 33072
9843 30052
9849 11501
9859 38511
9870 56697
9877 56462
9883 45585
9884 50921
9888 32439
9905 36034
9906 45615
9909 28369
9910 50203
9921 38247
9922 59860
9926 36746
9932 39377
9934 30529
9936 47974
9937 52391
9945 27545
9951 19103
9954 27549
9963 25894
9968 43553
9970 44771
9971 26673
9975 37694
9979 10446
9983 48301
9990 37496
10002 12313
10011 17162
10022 18821
10033 27659
10038 31892
10041 41188
10045 21084
10050 35022
10055 20258
10057 21546
10059 28677
10074 20433
10084 23891
10089 48357
10090 43515
10097 39329
10100 44483
10102 39245
10147 23130
10164 53891
10174 19831
10185 14511
10191 28234
10206 10561
10209 30692
10218 52642
10234 45092
10235 18169
10242 23556
10252 42085
10258 18521
10266 43718
10267 35717
10273 37682
10274 25043
10279 18368
10281 35998
10286 56588
10287 29015
10288 13394
10306 17539
10319 32036
10324 34758
10333 22929
10344 50398
10349 36955
10354 50138
10356 14795
10359 37100
10360 28582
10366 46567
10376 28197
10393 27060
10428 27552
10431 20934
10439 19507
10447 49944
10451 54601
10461 31728
10463 17920
10471 48658
10489 26536
10492 33967
10500 49349
10503 23334
10508 19768
10509 14153
10523 38690
10536 36791
10541 14231
10549 36603
10553 44653
10555 35160
10562 11084
10567 39936
10568 48318
10569 30024
10575 12536
10581 44984
10586 20467
10587 20390
10589 13387
10604 16040
10623 25149
10642 23332
10656 44274
10658 11626
10661 16088
10663 31536
10682 17940
10692 42967
10706 52321
10707 42886
10722 43010
10734 34459
10738 51005
10746 39265
10751 44973
10758 34224
10778 40601
10806 12075
10813 39629
10814 21252
10820 45967
10827 54339
10838 25886
10845 58138
10848 42025
10859 18669
10860 49957
10862 11712
10890 21984
10892 39849
10898 28878
10901 39503
10927 17169
10964 24743
10983 32992
10984 43364
10985 48566
10993 40457
11006 45435
11010 53289
11011 46842
11031 25480
11037 36975
11050 21670
11053 20148
11066 27395
11077 46603
11081 26756
11087 36045
11092 25874
11095 42569
11098 51598
11102 57811
11105 39309
11127 39453
11136 42346
11140 25295
11154 40243
11169 23319
11172 46769
11175 33889
11178 47892
11179 52107
11192 51419
11201 30989
11202 34336
11207 39017
11223 13039
11236 24677
11238 29067
11250 30391
11260 24102
11281 40055
11286 12418
11289 27916
11301 67221
11303 22200
11305 31655
11306 52435
11321 17884
11329 52475
11332 28503
11334 12878
11347 17575
11354 52813
11364 18067
11375 43701
11380 23351
11383 44806
11386 24951
11391 26148
11399 30691
11410 35433
11415 13304
11417 44075
11424 13458
11430 48606
11431 39787
11445 12258
11453 45503
11455 38040
11461 15896
11478 49282
11481 26683
11487 36873
11493 50743
11509 48538
11520 48880
11521 33279
11522 47604
11541 19183
11542 26316
11543 34001
11545 44988
11547 61341
11549 28262
11560 31400
11561 51203
11567 30240
11568 25592
11579 33934
11587 22505
11594 27599
11596 29627
11605 30503
11621 14672
11625 31864
11634 33308
11639 49380
11642 18178
11651 49369
11655 14823
11671 34316
11672 30988
11676 20189
11709 61447
11710 32633
11725 14128
11728 54819
11739 42730
11747 20135
11751 32548
11760 19671
11765 18196
11773 33019
11802 27378
11824 29563
11833 36564
11840 30073
11841 31318
11843 29054
11847 19611
11848 27452
11851 31558
11857 53035
11870 15380
11878 36776
11889 39829
11893 45627
11894 59889
11901 31664
11903 38459
11915 45506
11917 28495
11934 18223
11941 28207
11965 22955
11966 46044
11978 49919
11992 37073
11994 33691
11996 27967
12004 33945
12005 18767
12014 57641
12028 46849
12030 52518
12034 51967
12038 21039
12051 12326
12053 48408
12065 42468
12071 43956
12077 24340
12083 28345
12084 40514
12085 37698
12091 46331
12103 19004
12112 43139
12119 32190
12123 47542
12129 19426
12133 35040
12134 35718
12159 53822
12162 25891
12181 12198
12194 28076
12203 34377
12217 16969
12221 36642
12246 36106
12254 23246
12255 45947
12260 41558
12264 44649
12268 29692
12270 31809
12280 51777
12308 21767
12309 56466
12311 25114
12325 17937
12334 45525
12340 34171
12341 49542
12364 38176
12367 25377
12374 33207
12376 19689
12378 22889
12382 25561
12387 52269
12391 29730
12406 51281
12421 18264
12424 38711
12432 24760
12452 34619
12458 29596
12460 35334
12467 52509
12468 41212
12474 14175
12476 58006
12478 45307
12484 46330
12495 33887
12510 18162
12517 48622
12519 14871
12524 51915
12528 26285
12529 35698
12532 25937
12537 16481
12551 26180
12552 26660
12555 26621
12590 32079
12591 31100
12604 20895
12606 29310
12608 44241
12613 23386
12620 30568
12627 28363
12637 58103
12657 44715
12665 29345
12666 37178
12677 23838
12695 46576
12697 15132
12709 33076
12710 27624
12717 34257
12725 20585
12729 29094
12744 36317
12748 52604
12766 49405
12770 38557
12772 45479
12775 35874
12781 50929
12782 14919
12794 31787
12799 49425
12800 19579
12806 46469
12814 52581
12815 31119
12829 56208
12831 49931
12834 24763
12837 17767
12838 27924
12859 35873
12871 45333
12875 34258
12877 19991
12881 23390
12895 14350
12907 19166
12910 47951
12918 15860
12922 50421
12931 23165
12940 35709
12942 28851
12957 25833
12958 46569
12966 13803
12973 20150
12981 27166
12985 40146
12986 56125
13004 54829
13010 48941
13020 36703
13021 44275
13049 24163
13055 39934
13073 45867
13075 59021
13078 41269
13084 41619
13091 14609
13110 32827
13112 16857
13119 19970
13126 27894
13136 43888
13145 37458
13149 35037
13154 44146
13159 41012
13169 18432
13171 15548
13179 27695
13187 47295
13196 38408
13202 23258
13205 36358
13223 23948
13229 25351
13232 41321
13238 53014
13242 25882
13257 59040
13274 40656
13279 27052
13292 19468
13293 38204
13314 14256
13332 17916
13335 34957
13338 15125
13342 29450
13344 50729
13365 21851
13370 37235
13373 33347
13375 49142
13380 29290
13381 15393
13382 37585
13384 15181
13386 24588
13395 39272
13403 27130
13409 28870
13412 41540
13414 44049
13417 54346
13418 25082
13421 43353
13436 29465
13446 24530
13454 13725
13462 47553
13470 40826
13471 42517
13474 39528
13475 36579
13484 62509
13500 54953
13509 32980
13512 28634
13514 37411
13516 46785
13526 36001
13551 57609
13554 29814
13564 27170
13587 52776
13592 52296
13593 15042
13596 21982
13602 29350
13610 20307
13618 43561
13641 36047
13646 38853
13648 22438
13652 34646
13653 18127
13654 22690
13663 15745
13671 31823
13678 45073
13681 57503
13682 32038
13683 49804
13686 37812
13691 39838
13727 25623
13743 16012
13744 40875
13752 15293
13753 26066
13757 22703
13758 14827
13759 27951
13760 36072
13767 27803
13773 21327
13776 43818
13782 50316
13789 47744
13795 24448
13800 25198
13806 52633
13811 40870
13828 62562
13834 31186
13852 56506
13854 20907
13855 17186
13856 20436
13881 21800
13882 40341
13891 22956
13912 26885
13913 44798
13918 27108
13922 37052
13949 36167
13950 50117
13990 39888
13994 25222
14004 46255
14040 44427
14041 49373
14044 49635
14046 37027
14054 51734
14057 23590
14069 48773
14071 23812
14073 21096
14076 46961
14077 17892
14080 45622
14081 17871
14086 36820
14092 23631
14100 53197
14103 18748
14104 25809
14114 40492
14124 23368
14140 56234
14146 27535
14152 42211
14170 21808
14174 48631
14178 23535
14188 50191
14190 27464
14193 43947
14194 35530
14207 57567
14211 26005
14220 50178
14223 14697
14246 43481
14261 33648
14264 27687
14269 39963
14279 31805
14286 45945
14303 45850
14305 21093
14313 16140
14321 32428
14336 36544
14340 21554
14353 30085
14374 44860
14391 41251
14395 15883
14404 37897
14414 39348
14416 29984
14420 45355
14423 32456
14442 50253
14450 42418
14473 16835
14476 24366
14488 15836
14489 22247
14495 19288
14501 19446
14503 22761
14505 43932
14518 20137
14519 44237
14531 20847
14532 51306
14535 22218
14547 24993
14548 51686
14550 15632
14551 38162
14554 43105
14557 38442
14569 44450
14576 22455
14589 35899
14592 42274
14602 39701
14622 34722
14627 22933
14629 36302
14652 36286
14660 40087
14664 31327
14681 26600
14686 29716
14689 41283
14697 14223
14711 38190
14732 29780
14735 18030
14742 44642
14748 20623
14756 15576
14757 44063
14767 32279
14778 22032
14779 17108
14787 29472
14801 24015
14805 20208
14813 19397
14817 20943
14820 40409
14828 18858
14854 43477
14864 19675
14865 24711
14867 18027
14882 28288
14903 21227
14904 42459
14920 45882
14928 22947
14939 28898
14956 35372
14964 17490
14978 33882
14979 37707
15014 45486
15020 59175
15043 21890
15056 32482
15063 26856
15071 36749
15072 44069
15073 33381
15075 32787
15083 46979
15088 20832
15119 44222
15123 21570
15149 23991
15174 18419
15175 37732
15188 30080
15196 16662
15197 43213
15206 15818
15212 20605
15222 39489
15225 42456
15235 53052
15242 42651
15244 27683
15259 29555
15270 45531
15274 26609
15275 53303
15279 21024
15285 40442
15288 23137
15292 35732
15322 50186
15340 54908
15348 34846
15350 50343
15369 21607
15383 40661
15397 54664
15401 37493
15406 39243
15414 59294
15419 19229
15423 34101
15427 44618
15441 17403
15443 23671
15448 30404
15450 33238
15453 23690
15457 23893
15462 35170
15470 16763
15474 17860
15480 44263
15507 26898
15508 24673
15526 32262
15527 18671
15534 43948
15540 17048
15551 39996
15561 44284
15563 28522
15568 30596
15576 14756
15581 28771
15586 47949
15598 21539
15599 21079
15603 54733
15625 37691
15628 40431
15632 14550
15643 24217
15660 52974
15665 24594
15669 24952
15673 26594
15679 49385
15689 25173
15691 43882
15693 16861
15698 38547
15699 32323
15706 40291
15708 36068
15716 45796
15719 45273
15728 43521
15729 21804
15737 55243
15744 49731
15759 17318
15791 17189
15793 24632
15806 16438
15808 32231
15815 21962
15818 15206
15828 50939
15855 48945
15861 45820
15866 38161
15883 14395
15887 28504
15888 23215
15899 55062
15912 54583
15926 41857
15931 44012
15932 19027
15949 31776
15956 21677
15963 47956
15968 46228
15972 39576
15979 26545
15983 37530
15984 46987
15986 49905
16001 35410
16004 35387
16010 24825
16024 24262
16031 40345
16032 38346
16054 16852
16055 28111
16070 41127
16072 45159
16081 46303
16109 47656
16120 58062
16136 49318
16140 14313
16144 31366
16148 18342
16151 18572
16158 31467
16162 34567
16196 47078
16228 18486
16231 46551
16265 49415
16278 21159
16280 16805
16300 28469
16305 32175
16309 50506
16325 18176
16365 36491
16384 50726
16408 52232
16437 19350
16438 15806
16442 48261
16445 48590
16452 45038
16458 21996
16461 41030
16471 36170
16474 45659
16487 52610
16490 55048
16508 28063
16511 44120
16515 26154
16522 28223
16525 19263
16526 36469
16546 41314
16561 19169
16589 28306
16591 31529
16599 27919
16601 38180
16619 27966
16621 31631
16638 39230
16639 36413
16647 42593
16655 49391
16662 15196
16664 18210
16674 23968
16679 36164
16684 51361
16690 55893
16700 59157
16702 31662
16703 16746
16704 19405
16714 48347
16734 44383
16735 37799
16740 27135
16761 30136
16763 15470
16765 45969
16776 36289
16782 25255
16785 32410
16805 16280
16815 41447
16835 14473
16851 29061
16852 16054
16854 52870
16858 29924
16860 50659
16863 27178
16869 38255
16898 52777
16900 30311
16902 30081
16906 30612
16912 39289
16913 39917
16921 21013
16922 46616
16934 21368
16940 32936
16942 41196
16974 35519
16980 21857
17010 26345
17020 31169
17025 22693
17031 43428
17042 20989
17044 29623
17048 15540
17051 30183
17057 48942
17079 49913
17094 49961
17095 44134
17097 39139
17108 14779
17116 36091
17119 24827
17125 49115
17130 51067
17132 41476
17134 27164
17142 19467
17146 37227
17149 46895
17152 42608
17161 48142
17180 38528
17183 17864
17184 42023
17189 15791
17192 32409
17196 32006
17204 38649
17235 42598
17241 45140
17244 29338
17247 34496
17250 33359
17270 52339
17279 22487
17313 34165
17318 15759
17339 33517
17359 51622
17385 29149
17386 38427
17403 15441
17404 34798
17425 58821
17449 40916
17450 48499
17463 22021
17468 52770
17471 24808
17474 37686
17488 17830
17490 14964
17491 18152
17492 54146
17494 48689
17499 43079
17514 33422
17519 25959
17522 39710
17524 28682
17547 20721
17549 59087
17552 20142
17562 27596
17578 50286
17584 18618
17592 44206
17605 44254
17606 53349
17608 48524
17611 20933
17617 38764
17638 57107
17644 30595
17646 47454
17647 27442
17655 44836
17656 18864
17663 37434
17667 52554
17676 59010
17682 33836
17684 25076
17718 31363
17722 37998
17723 53621
17796 52590
17801 33295
17805 24214
17807 29831
17817 46559
17830 17488
17838 21302
17839 41762
17856 25831
17860 15474
17864 17183
17872 23809
17878 59778
17879 22092
17903 53949
17910 36370
17912 50827
17931 19483
17947 19440
17962 23480
17971 31903
17998 44756
18006 42785
18012 18273
18017 36961
18018 35050
18023 27897
18025 32490
18028 51045
18030 14735
18031 47565
18037 29110
18056 35634
18078 49856
18081 35181
18090 35921
18095 44338
18096 48946
18105 18546
18112 40712
18116 27910
18119 48480
18124 40032
18143 19052
18152 17491
18176 16325
18190 35054
18200 42216
18210 16664
18211 21070
18217 38596
18220 19943
18235 22607
18238 36143
18240 23691
18268 42932
18276 35401
18280 31736
18286 21238
18292 35827
18305 54425
18320 22384
18342 16148
18350 29119
18357 25499
18369 34764
18382 21390
18399 28890
18401 26178
18415 19069
18419 15174
18427 28175
18429 28671
18433 47032
18442 43326
18448 52404
18450 46200
18468 26437
18476 56846
18477 27137
18478 18679
18486 16228
18492 36927
18496 44406
18516 30019
18517 24035
18520 45613
18524 34908
18529 29793
18546 18105
18549 19187
18557 34647
18561 30408
18564 23840
18572 16151
18578 30622
18579 37934
18592 25716
18593 31858
18603 60002
18651 33254
18656 18967
18658 41848
18661 26226
18662 25407
18671 15527
18673 21911
18679 18478
18695 33271
18708 49661
18721 46149
18733 29712
18740 27745
18743 31992
18745 19618
18748 14103
18761 42543
18784 31026
18789 66123
18790 53795
18793 47489
18802 37532
18809 23762
18818 52313
18825 22270
18827 27788
18832 34968
18836 33388
18858 14828
18864 17656
18875 21020
18876 30167
18879 55386
18896 48741
18907 30168
18908 25615
18926 53777
18927 27587
18929 35578
18933 17993
18937 40136
18942 41174
18960 23359
18967 18656
18978 40226
18985 33802
18986 29222
18993 37832
18995 24595
18997 24661
19006 40719
19014 31509
19027 15932
19037 40271
19052 18143
19069 18415
19086 30383
19091 41315
19102 28061
19110 45511
19112 42858
19117 31387
19121 33325
19122 27195
19125 30686
19131 23169
19151 24791
19152 26947
19167 25824
19169 16561
19186 24994
19187 18549
19193 32274
19197 49367
19201 34885
19210 26128
19212 23862
19213 22896
19219 37976
19222 49566
19229 15419
19236 45179
19244 43181
19245 50689
19255 48189
19270 31704
19288 14495
19316 25951
19344 25213
19348 27525
19350 16437
19357 44347
19364 37609
19378 46720
19379 30696
19382 23675
19389 21127
19390 20854
19396 27216
19397 14813
19398 36956
19400 21306
19402 22926
19405 16704
19415 28187
19422 51592
19423 39950
19440 17947
19446 14501
19463 17730
19466 29690
19467 17142
19471 29010
19476 35764
19483 17931
19487 42582
19489 30571
19494 44147
19503 25881
19504 44374
19528 22370
19534 22628
19545 52419
19578 42139
19585 29867
19595 37145
19618 18745
19672 26910
19675 14864
19679 57740
19686 39235
19704 50233
19711 26433
19713 22239
19723 33755
19726 31200
19728 23642
19732 27444
19740 45637
19746 35414
19762 30499
19775 38401
19778 42373
19781 20003
19784 39268
19786 32509
19799 50801
19805 36333
19812 36397
19813 23357
19827 52086
19836 47770
19841 57273
19858 24611
19859 44922
19864 50658
19878 38947
19931 23629
19956 37090
19964 44066
19965 48790
19967 32655
19975 27876
19983 49061
19995 29197
20002 28141
20003 19781
20007 48050
20022 39716
20051 47873
20060 21247
20077 30811
20082 51917
20093 42742
20096 40953
20099 26933
20101 36211
20106 31734
20108 43222
20130 24116
20131 26991
20137 14518
20157 29387
20183 29308
20187 62546
20190 37837
20208 14805
20213 56075
20228 41151
20234 36071
20240 43724
20241 47786
20261 33492
20279 26685
20294 53351
20298 34586
20316 32848
20317 29004
20327 25829
20330 34085
20338 26893
20343 40174
20357 34325
20378 34941
20400 54611
20404 26577
20409 20589
20419 32522
20422 29260
20444 21266
20466 32960
20471 37881
20508 22712
20511 47076
20545 53133
20548 35865
20549 27864
20557 28593
20559 26121
20569 26772
20582 22696
20596 38970
20605 15212
20612 35701
20623 14748
20632 29057
20635 32445
20666 28998
20683 49463
20687 32338
20703 46776
20710 38694
20714 33365
20721 17547
20726 26725
20755 38871
20782 23453
20816 35015
20817 47464
20819 50229
20832 15088
20840 33971
20847 14531
20849 44801
20856 23606
20860 29906
20867 21966
20875 29125
20884 33838
20885 33156
20886 29415
20901 36142
20903 56495
20939 51959
20943 14817
20958 39232
20964 40225
20979 52557
20989 17042
20993 44072
20994 34308
21002 31590
21005 54115
21011 22586
21012 23552
21013 16921
21020 18875
21024 15279
21037 45538
21052 27101
21061 56658
21070 18211
21074 41992
21076 25823
21079 15599
21087 52024
21093 14305
21096 14073
21116 28280
21122 36830
21129 52991
21141 35677
21149 36351
21153 31506
21159 16278
21162 32503
21175 25160
21179 26779
21184 39308
21193 55554
21195 40734
21215 27231
21217 43409
21227 14903
21238 18286
21242 24733
21245 47790
21247 20060
21258 33596
21264 34889
21266 20444
21281 35912
21283 35099
21297 30725
21302 17838
21358 30548
21365 44597
21368 16934
21390 18382
21393 31811
21398 25944
21403 27485
21406 38932
21410 21581
21422 41893
21427 41388
21430 19015
21433 34038
21442 50227
21446 27623
21465 40660
21466 35861
21478 30801
21483 38193
21488 23060
21493 51357
21513 41620
21529 43768
21538 41182
21539 15598
21542 27746
21543 48983
21552 50250
21554 14340
21557 38672
21575 27902
21580 42298
21581 21410
21593 25851
21599 21618
21607 15369
21650 50323
21677 15956
21681 54205
21684 38112
21702 28319
21704 25684
21723 46405
21727 52012
21735 32745
21749 24134
21758 45710
21760 40142
21763 56831
21794 28335
21797 31552
21804 15729
21808 14170
21810 44135
21811 49111
21817 38905
21822 22255
21842 34713
21854 41664
21857 16980
21861 41864
21874 23859
21890 15043
21906 27347
21907 36902
21911 18673
21926 37978
21935 24412
21942 29340
21948 35890
21960 37676
21962 15815
21973 32733
21976 25095
21979 28253
21994 46332
21996 16458
21998 39517
22012 60145
22015 55586
22016 31488
22021 17463
22022 26249
22031 22325
22032 14778
22042 27134
22045 24696
22047 29652
22062 47063
22070 22629
22085 29351
22088 29821
22092 17879
22143 35106
22158 47483
22161 34468
22201 31922
22202 25839
22206 57907
22218 14535
22229 40568
22239 19713
22249 41029
22254 38577
22255 21822
22270 18825
22280 34790
22283 42006
22287 28149
22296 60854
22300 46284
22309 38015
22310 31168
22324 25229
22325 22031
22339 35582
22350 26282
22355 27224
22369 34410
22370 19528
22384 18320
22415 38506
22417 33524
22425 54681
22426 51286
22452 23437
22455 14576
22482 38631
22487 17279
22488 63754
22491 35255
22503 39720
22519 45746
22521 44454
22566 49675
22581 45537
22586 21011
22587 24333
22588 47138
22598 38736
22607 18235
22629 22070
22693 17025
22696 20582
22702 57322
22707 55106
22712 20508
22725 32996
22741 53356
22746 38979
22761 14503
22762 37204
22770 53342
22772 30523
22775 37892
22799 45049
22805 36046
22827 43287
22828 39391
22832 28228
22835 48216
22848 31502
22870 28073
22881 52468
22893 36868
22896 19213
22909 45320
22911 39070
22926 19402
22933 14627
22947 14928
22971 33223
22975 26081
22976 50393
22977 25489
22979 24066
22981 45245
22989 37478
22993 45263
22998 27427
23001 37636
23007 32627
23045 23874
23048 61621
23053 26735
23059 45257
23093 34855
23105 22565
23111 58823
23115 25487
23116 23179
23133 42148
23137 15288
23143 26174
23145 41978
23150 36467
23167 42740
23169 19131
23186 47449
23188 27852
23215 15888
23230 30806
23238 39649
23255 50370
23260 50702
23290 44531
23291 30923
23304 28796
23321 23958
23323 44983
23325 40691
23326 47190
23337 38624
23340 51571
23359 18960
23366 37547
23368 14124
23369 43383
23378 25996
23381 47480
23420 24694
23429 45340
23432 32160
23451 53119
23452 37961
23453 20782
23460 50655
23466 45528
23480 17962
23485 42241
23514 47472
23517 36446
23518 48109
23535 14178
23539 52166
23550 52035
23551 25296
23557 40254
23562 49276
23573 26887
23579 30620
23583 50771
23588 29599
23590 14057
23599 53499
23606 20856
23629 19931
23631 14092
23642 19728
23647 25581
23658 39312
23665 48130
23666 40800
23673 38341
23690 15453
23691 18240
23696 49830
23701 43306
23710 51703
23711 30533
23716 43540
23723 41038
23742 53635
23762 18809
23765 29441
23777 34281
23790 29957
23800 68618
23801 49298
23809 17872
23812 14071
23813 52906
23819 35310
23823 34273
23835 48669
23840 18564
23855 41955
23859 21874
23860 31928
23869 40439
23874 23045
23881 31855
23893 15457
23906 51552
23907 47821
23917 42313
23923 42193
23935 33283
23949 32545
23950 35680
23958 23321
23968 16674
23969 41014
23971 29728
23976 46035
23991 15149
24015 14801
24022 32406
24035 18517
24066 22979
24070 28648
24080 44678
24085 61992
24088 56978
24091 49703
24110 47731
24116 20130
24134 21749
24159 35027
24201 27725
24210 32460
24212 35010
24214 17805
24217 15643
24225 48719
24229 56520
24232 52213
24260 26243
24262 16024
24266 36589
24277 35164
24296 42762
24327 46897
24333 22587
24339 49313
24350 48968
24364 27921
24366 14476
24382 54898
24395 43811
24422 43867
24432 42092
24434 46005
24439 38064
24443 50900
24454 51081
24479 36821
24487 43772
24489 44239
24493 34860
24503 37556
24508 26567
24513 25153
24516 42750
24525 38716
24546 29349
24568 41456
24594 15665
24598 47704
24602 51888
24611 19858
24639 31205
24659 26487
24661 18997
24671 43268
24673 15508
24687 26473
24694 23420
24697 25172
24700 52256
24710 35119
24711 14865
24733 21242
24736 45704
24753 61354
24754 38820
24761 47631
24771 18171
24776 45762
24777 48047
24780 37630
24791 19151
24802 42605
24808 17471
24817 27531
24819 35549
24827 17119
24830 33813
24834 39676
24849 45162
24851 34829
24852 27282
24863 37017
24868 30846
24869 30565
24871 61400
24892 42426
24899 40841
24949 39613
24952 15669
24966 34548
24978 54231
24986 43451
24987 40207
24993 14547
24994 19186
24997 52620
25002 40284
25003 38794
25023 33498
25033 54826
25035 28295
25046 34019
25054 52632
25069 36232
25076 17684
25081 43158
25089 35901
25095 21976
25104 43156
25116 45608
25124 46757
25125 50730
25128 50386
25136 40095
25151 49130
25160 21175
25172 24697
25173 15689
25213 19344
25222 13994
25229 22324
25231 26255
25247 52401
25255 16782
25261 26150
25270 32191
25293 49060
25296 23551
25335 53771
25349 39161
25356 47353
25359 31875
25385 45285
25387 43343
25391 27782
25407 18662
25422 30836
25454 31484
25464 36036
25466 60026
25487 23115
25489 22977
25499 18357
25500 26454
25510 48114
25519 32728
25546 36108
25547 28995
25557 31512
25571 35595
25581 23647
25615 18908
25617 31046
25620 44324
25625 48800
25658 31977
25659 41846
25664 41933
25667 42212
25684 21704
25686 30936
25688 25148
25699 55149
25700 26801
25706 40154
25716 18592
25717 28881
25750 30331
25774 30995
25790 27467
25797 33336
25807 45873
25812 41242
25823 21076
25824 19167
25829 20327
25831 17856
25839 22202
25845 27183
25848 38607
25851 21593
25875 29746
25881 19503
25927 32289
25938 46925
25944 21398
25950 38470
25951 19316
25960 35693
25962 39181
25965 51359
25970 29997
25996 23378
26005 14211
26011 40120
26019 27480
26054 33586
26075 33375
26077 26175
26079 48657
26081 22975
26099 45731
26113 39744
26120 45990
26121 20559
26128 19210
26137 45711
26150 25261
26154 16515
26159 54325
26174 23143
26175 26077
26178 18401
26187 20926
26188 44961
26192 28713
26220 40250
26221 28865
26226 18661
26243 24260
26249 22022
26253 40795
26255 25231
26282 22350
26286 46773
26302 56922
26304 42901
26305 41078
26338 48292
26345 17010
26348 47626
26364 34883
26383 29342
26390 39634
26400 28860
26407 26895
26415 34482
26433 19711
26435 48691
26437 18468
26450 56643
26454 25500
26465 26907
26473 24687
26511 31528
26514 48928
26540 39952
26545 15979
26567 24508
26577 20404
26594 15673
26600 14681
26609 15274
26618 31004
26624 23717
26626 59875
26627 38071
26633 28249
26685 20279
26686 51992
26690 33294
26704 53170
26706 29052
26708 30370
26725 20726
26735 23053
26747 46540
26759 41817
26772 20569
26779 21179
26780 34177
26801 25700
26816 33082
26818 44040
26824 27626
26829 32878
26838 46094
26856 15063
26863 35467
26880 42658
26887 23573
26893 20338
26894 20969
26895 26407
26898 15507
26903 33127
26907 26465
26926 41499
26933 20099
26945 40583
26947 19152
26956 33841
26978 44439
26982 38082
26991 20131
27006 40531
27014 45782
27018 48063
27034 41771
27040 56956
27066 40818
27071 34133
27077 49652
27101 21052
27111 37221
27123 41157
27127 32538
27134 22042
27135 16740
27148 31383
27156 36153
27159 37731
27178 16863
27183 25845
27191 44683
27194 37989
27195 19122
27198 28833
27199 41692
27218 36460
27223 41336
27233 27581
27239 57266
27241 49394
27257 43345
27267 47519
27305 44340
27314 39595
27325 29181
27334 29177
27347 21906
27348 29872
27369 48277
27376 51174
27412 31139
27424 37650
27426 28722
27427 22998
27444 19732
27464 14190
27467 25790
27480 26019
27485 21403
27488 40352
27506 46076
27510 53219
27516 47923
27525 19348
27531 24817
27535 14146
27539 32165
27581 27233
27587 18927
27596 17562
27602 36547
27623 21446
27626 26824
27631 36907
27633 35913
27635 36169
27657 40742
27667 53537
27674 49546
27678 50712
27687 14264
27700 28754
27701 55141
27705 43958
27724 43484
27725 24201
27726 47843
27734 38406
27739 44816
27740 34532
27744 33123
27745 18740
27746 21542
27760 33669
27782 25391
27796 44353
27801 41788
27811 43572
27823 42438
27852 23188
27862 51539
27864 20549
27870 48490
27876 19975
27882 34026
27884 42776
27897 18023
27900 49684
27902 21575
27910 18116
27911 31994
27919 16599
27923 40131
27931 39075
27949 56725
27964 40584
27966 16619
27970 47031
27999 44818
28008 39835
28027 40354
28032 47187
28063 16508
28065 55419
28070 38170
28073 22870
28084 52053
28111 16055
28118 47319
28121 34615
28122 30792
28123 53990
28133 37406
28140 33402
28141 20002
28147 53705
28149 22287
28161 31661
28162 36338
28166 52727
28167 53940
28175 18427
28187 19415
28210 51977
28221 44999
28222 31935
28223 16522
28228 22832
28232 28507
28239 53389
28249 26633
28257 19519
28274 28315
28280 21116
28287 34752
28288 14882
28295 25035
28306 16589
28307 35715
28315 28274
28319 21702
28330 35028
28335 21794
28346 31083
28347 44720
28349 35435
28358 33738
28442 51833
28462 39007
28467 50397
28469 16300
28487 30449
28492 38739
28497 42069
28499 22749
28501 28680
28504 15887
28507 28232
28513 28350
28526 34709
28539 45699
28540 50230
28562 27277
28589 42827
28593 20557
28598 35753
28631 31611
28640 42181
28648 24070
28662 29347
28667 34839
28671 18429
28676 34205
28678 55111
28680 28501
28712 42111
28713 26192
28716 46239
28722 27426
28726 29210
28735 51370
28737 30109
28750 47383
28753 50867
28754 27700
28771 15581
28777 30507
28796 23304
28803 31842
28832 37171
28833 27198
28860 26400
28861 44126
28865 26221
28874 40738
28881 25717
28890 18399
28894 39539
28897 53026
28898 14939
28904 46414
28915 38786
28933 39000
28941 44214
28967 48019
28976 39364
28995 25547
28998 20666
28999 51197
29004 20317
29010 19471
29031 43475
29061 16851
29068 54903
29071 45432
29078 14257
29092 34054
29101 42127
29110 18037
29118 36809
29119 18350
29123 55684
29125 20875
29128 58276
29133 41581
29149 17385
29177 27334
29193 29374
29197 19995
29209 51429
29210 28726
29222 18986
29225 40418
29260 20422
29269 32098
29274 37151
29275 57540
29296 40559
29308 20183
29327 48574
29338 17244
29340 21942
29342 26383
29343 60542
29347 28662
29358 50513
29374 29193
29376 33948
29387 20157
29390 32653
29392 47915
29407 31798
29415 20886
29417 33270
29423 41935
29424 35223
29437 48252
29441 23765
29452 51224
29456 33552
29464 61535
29472 14787
29513 39970
29520 36367
29529 33763
29541 56901
29548 48623
29569 43799
29573 18627
29599 23588
29600 50439
29606 33224
29609 46407
29625 48579
29642 50569
29652 22047
29655 44268
29690 19466
29691 45313
29693 41659
29704 43766
29712 18733
29716 14686
29728 23971
29746 25875
29750 44593
29780 14732
29821 22088
29837 31894
29843 49026
29867 19585
29872 27348
29899 46395
29904 37887
29906 20860
29921 53995
29955 55259
29976 45827
29984 14416
29997 25970
30019 18516
30046 49101
30058 51542
30060 37956
30069 45603
30080 15188
30082 39648
30085 14353
30095 33078
30102 54799
30109 28737
30113 41013
30127 44615
30133 54810
30136 16761
30143 38666
30148 48080
30150 34878
30161 42256
30167 18876
30168 18907
30173 71482
30174 46186
30182 45029
30188 54725
30199 35230
30248 34933
30252 40410
30268 46257
30311 16900
30319 39025
30320 34655
30331 25750
30365 45580
30367 47653
30370 26708
30373 34811
30383 19086
30404 15448
30408 18561
30425 32072
30429 34052
30449 28487
30489 35795
30497 52675
30499 19762
30507 28777
30523 22772
30548 21358
30552 40182
30563 40564
30565 24869
30571 19489
30584 52381
30588 28134
30596 15568
30615 33646
30620 23579
30622 18578
30625 46517
30649 43591
30670 52527
30696 19379
30709 44517
30725 21297
30748 44315
30766 53450
30781 49901
30787 36735
30792 28122
30797 36747
30801 21478
30808 42900
30811 20077
30836 25422
30846 24868
30851 33983
30860 45893
30882 49474
30923 23291
30930 40139
30932 56429
30933 32138
30936 25686
30942 49409
30946 36241
30978 38209
30979 33963
30986 39522
30995 25774
31002 39106
31026 18784
31035 39032
31046 25617
31069 31537
31083 28346
31084 32672
31092 37806
31093 49624
31099 34826
31120 26456
31132 44519
31133 41584
31139 27412
31168 22310
31169 17020
31200 19726
31205 24639
31213 44369
31220 40771
31237 46643
31242 43342
31253 50079
31255 45419
31279 33806
31286 45052
31312 44286
31315 43312
31327 14664
31332 33065
31338 50420
31354 41387
31363 17718
31366 16144
31375 39205
31383 27148
31387 19117
31396 41544
31431 41110
31444 37499
31467 16158
31484 25454
31488 22016
31493 48801
31502 22848
31506 21153
31507 57512
31509 19014
31512 25557
31523 49036
31529 16591
31537 31069
31544 50979
31546 58073
31552 21797
31577 34449
31590 21002
31606 36705
31611 28631
31631 16621
31662 16702
31668 46515
31693 34105
31704 19270
31725 46052
31731 49072
31734 20106
31735 53626
31736 18280
31737 54132
31749 53102
31776 15949
31786 38499
31794 34083
31798 29407
31805 14279
31806 40097
31811 21393
31818 38909
31837 42603
31842 28803
31849 39045
31854 37304
31855 23881
31858 18593
31860 38327
31867 39356
31875 25359
31894 29837
31903 17971
31908 58451
31935 28222
31936 33902
31943 45482
31946 43917
31950 49099
31952 46763
31977 25658
31992 18743
31994 27911
32050 36110
32056 38137
32061 42290
32072 30425
32095 49778
32098 29269
32111 45973
32115 35253
32133 44085
32136 46664
32138 30933
32156 50964
32160 23432
32165 27539
32166 44195
32168 45202
32175 16305
32176 40562
32180 35781
32191 25270
32204 35660
32212 39257
32217 49620
32224 36210
32226 48979
32234 52335
32240 40413
32262 15526
32268 57743
32279 14767
32289 25927
32298 33996
32313 35786
32323 15699
32327 33762
32330 43838
32338 20687
32344 56715
32349 44345
32367 48667
32371 43351
32399 38225
32409 17192
32410 16785
32428 14321
32432 33007
32442 61618
32443 55976
32446 48042
32451 56860
32456 14423
32462 46714
32465 50119
32482 15056
32491 45175
32495 44238
32503 21162
32509 19786
32522 20419
32532 36775
32544 37597
32545 23949
32552 34376
32566 41432
32568 29526
32585 49741
32593 34999
32605 49939
32620 41515
32627 23007
32629 51246
32642 35499
32653 29390
32655 19967
32672 31084
32674 44228
32691 34467
32696 45915
32713 66021
32717 27246
32728 25519
32729 33907
32733 21973
32735 38434
32744 36985
32745 21735
32750 62936
32760 33281
32767 38699
32791 35794
32820 52962
32826 42711
32842 55267
32848 20316
32856 45981
32878 26829
32879 49402
32885 47738
32886 49482
32936 16940
32960 20466
32990 50467
32996 22725
33007 32432
33012 48055
33015 33108
33020 43264
33024 53721
33031 49613
33033 45084
33044 42563
33078 30095
33085 33805
33103 40495
33108 33015
33120 41572
33123 27744
33127 26903
33179 37853
33182 39215
33199 38124
33223 22971
33224 29606
33242 52457
33254 18651
33270 29417
33271 18695
33281 32760
33283 23935
33294 26690
33297 34413
33339 41264
33355 53801
33359 17250
33365 20714
33370 43368
33375 26075
33383 50436
33408 44185
33414 46363
33422 17514
33452 38205
33486 41304
33492 20261
33498 25023
33500 41335
33506 52920
33517 17339
33524 22417
33526 50652
33534 46352
33536 67565
33539 47649
33552 29456
33556 53236
33586 26054
33590 35872
33591 47357
33596 21258
33601 40948
33624 42385
33646 30615
33648 14261
33652 44255
33653 48614
33654 54925
33661 46141
33667 39776
33669 27760
33674 35397
33693 37746
33696 44073
33711 40188
33737 36954
33738 28358
33739 49595
33755 19723
33759 34127
33762 32327
33763 29529
33781 46103
33788 51225
33792 49872
33802 18985
33805 33085
33806 31279
33813 24830
33816 54299
33820 51879
33838 20884
33841 26956
33849 53978
33854 36951
33864 36307
33882 14978
33893 49112
33902 31936
33904 35700
33907 32729
33927 35954
33929 46918
33932 34546
33948 29376
33963 30979
33971 20840
33983 30851
33997 45492
34019 25046
34026 27882
34034 39129
34049 46242
34052 30429
34054 29092
34083 31794
34084 53623
34085 20330
34100 35534
34101 15423
34105 31693
34107 50361
34127 33759
34131 47246
34133 27071
34136 46159
34156 60081
34165 17313
34176 38316
34177 26780
34201 44936
34205 28676
34208 42027
34221 35303
34235 47568
34250 51110
34273 23823
34281 23777
34296 42141
34308 20994
34318 43122
34322 42905
34325 20357
34335 49894
34337 44547
34339 39775
34376 32552
34388 52197
34397 59011
34401 55015
34402 37857
34403 54613
34410 22369
34413 33297
34443 61491
34449 31577
34456 50567
34467 32691
34468 22161
34482 26415
34494 42375
34496 17247
34515 40576
34518 50716
34528 49108
34531 54376
34532 27740
34545 46656
34546 33932
34567 16162
34575 44425
34586 20298
34587 51106
34595 47099
34599 57092
34615 28121
34630 36655
34647 18557
34649 34822
34654 38135
34655 30320
34669 59023
34679 39660
34705 34821
34709 28526
34719 37136
34722 14622
34732 51132
34752 28287
34755 48619
34764 18369
34775 36596
34781 35226
34786 39374
34790 22280
34798 17404
34811 30373
34821 34705
34822 34649
34826 31099
34829 24851
34831 26584
34839 28667
34855 23093
34873 47870
34878 30150
34883 26364
34885 19201
34889 21264
34908 18524
34924 53440
34926 49539
34932 48521
34934 40433
34941 20378
34944 45856
34951 40411
34963 37610
34968 18832
34995 50676
34999 32593
35010 24212
35013 53935
35015 20816
35027 24159
35028 28330
35050 18018
35052 53840
35054 18190
35094 37218
35099 21283
35106 22143
35119 24710
35136 20451
35161 36614
35164 24277
35170 15462
35181 18081
35184 47478
35185 44884
35189 40926
35203 44577
35223 29424
35226 34781
35230 30199
35241 43373
35253 32115
35255 22491
35257 21559
35303 34221
35309 40083
35310 23819
35357 50944
35387 16004
35401 18276
35410 16001
35435 28349
35441 40941
35467 26863
35501 43441
35513 50371
35519 16974
35528 40580
35534 34100
35547 50378
35549 24819
35563 43061
35566 23472
35572 53878
35578 18929
35582 22339
35591 43527
35595 25571
35605 37924
35634 18056
35660 32204
35680 23950
35693 25960
35700 33904
35701 20612
35715 28307
35732 15292
35753 28598
35764 19476
35780 42249
35781 32180
35786 32313
35791 43420
35794 32791
35795 30489
35827 18292
35836 36172
35861 21466
35863 41354
35864 36813
35865 20548
35870 52618
35872 33590
35890 21948
35899 14589
35912 21281
35913 27633
35921 18090
35949 40966
35954 33927
35977 40323
36019 41661
36042 49236
36046 22805
36069 44965
36071 20234
36074 47112
36089 41374
36090 41142
36091 17116
36092 54488
36108 25546
36110 32050
36126 36390
36132 36876
36142 20901
36143 18238
36151 23430
36153 27156
36155 34820
36164 16679
36172 35836
36191 52953
36241 30946
36246 49683
36254 39903
36256 44429
36283 46689
36286 14652
36289 16776
36302 14629
36307 33864
36333 19805
36343 29263
36349 42002
36351 21149
36369 49051
36370 17910
36390 36126
36397 19812
36413 16639
36420 23488
36423 44149
36433 52206
36446 23517
36460 27218
36464 42848
36467 23150
36469 16526
36470 39162
36491 16365
36503 49000
36530 51785
36544 14336
36561 43954
36589 24266
36596 34775
36614 35161
36624 53641
36627 40044
36640 47902
36646 43021
36683 52659
36705 31606
36708 38990
36730 38489
36735 30787
36738 56260
36747 30797
36749 15071
36767 45756
36775 32532
36802 50476
36803 41154
36809 29118
36813 35864
36820 14086
36821 24479
36830 21122
36835 39351
36868 22893
36870 38742
36876 36132
36881 40910
36902 21907
36907 27631
36927 18492
36931 41513
36951 33854
36954 33737
36956 19398
36961 18017
36965 41224
36985 32744
36986 54078
37017 24863
37027 14046
37080 55860
37136 34719
37140 32737
37145 19595
37151 29274
37157 46601
37158 40773
37171 28832
37184 57384
37189 43350
37191 53068
37204 22762
37221 27111
37254 49864
37304 31854
37308 33577
37311 41170
37335 50697
37363 47930
37368 52703
37377 50970
37398 59537
37400 40392
37406 28133
37434 17663
37441 55097
37450 44485
37456 44643
37461 43269
37466 39305
37478 22989
37491 16042
37493 15401
37499 31444
37530 15983
37552 48587
37556 24503
37579 40900
37591 41132
37597 32544
37609 19364
37610 34963
37623 40909
37628 37667
37630 24780
37636 23001
37646 43318
37649 44196
37650 27424
37652 50617
37667 37628
37676 21960
37686 17474
37690 42079
37691 15625
37707 14979
37732 15175
37738 47709
37749 45946
37774 54753
37780 36844
37782 48821
37799 16735
37803 38317
37809 43396
37816 46340
37837 20190
37844 40788
37851 48337
37853 33179
37857 34402
37879 42831
37881 20471
37888 49697
37892 22775
37897 14404
37924 35605
37934 18579
37956 30060
37961 23452
37976 19219
37978 21926
37981 43387
37985 49029
37989 27194
37995 52088
37998 17722
38015 22309
38064 24439
38082 26982
38111 50906
38112 21684
38114 45360
38118 51828
38120 43716
38123 44660
38135 34654
38137 32056
38140 39486
38159 46195
38161 15866
38170 28070
38180 16601
38190 14711
38205 33452
38225 32399
38246 51021
38250 53388
38255 16869
38261 39011
38283 44418
38316 34176
38317 37803
38327 31860
38331 52837
38346 16032
38401 19775
38406 27734
38422 15158
38427 17386
38430 44560
38442 14557
38456 47073
38470 25950
38475 40935
38499 31786
38506 22415
38518 49708
38528 17180
38534 30913
38547 15698
38572 45020
38577 22254
38596 18217
38607 25848
38624 23337
38631 22482
38649 17204
38651 57560
38666 30143
38672 21557
38677 50474
38683 49314
38693 41681
38699 32767
38716 24525
38718 39997
38736 22598
38739 28492
38741 42622
38758 43190
38765 46704
38786 28915
38794 25003
38820 24754
38838 54206
38840 45700
38841 42389
38866 56192
38871 20755
38905 21817
38909 31818
38932 21406
38966 55650
38970 20596
38979 22746
38984 44500
38990 36708
38991 17943
39000 28933
39007 28462
39011 38261
39025 30319
39032 31035
39042 43600
39045 31849
39070 22911
39075 27931
39086 41800
39106 31002
39129 34034
39139 17097
39151 46938
39161 25349
39162 36470
39181 25962
39205 31375
39209 45691
39211 41247
39215 33182
39218 41808
39230 16638
39243 15406
39254 40398
39255 41289
39257 32212
39262 48908
39268 19784
39289 16912
39305 37466
39308 21184
39312 23658
39318 52182
39321 43509
39328 46045
39345 47465
39348 14414
39351 36835
39356 31867
39364 28976
39390 40757
39391 22828
39406 49756
39424 44960
39486 38140
39489 15222
39497 50668
39505 41234
39517 21998
39520 52124
39522 30986
39534 54766
39539 28894
39576 15972
39595 27314
39613 24949
39634 26390
39648 30082
39649 23238
39660 34679
39664 54911
39676 24834
39683 54457
39684 56508
39710 17522
39720 22503
39744 26113
39761 52484
39772 64595
39775 34339
39776 33667
39789 43252
39873 53793
39888 13990
39903 36254
39914 49541
39917 16913
39950 19423
39952 26540
39963 14269
39970 29513
39996 15551
40011 53644
40032 18124
40044 36627
40076 56970
40081 41622
40083 35309
40085 41466
40087 14660
40095 25136
40131 27923
40134 30227
40135 45240
40139 30930
40142 21760
40154 25706
40182 30552
40187 44895
40207 24987
40225 20964
40226 18978
40237 46180
40250 26220
40254 23557
40266 49021
40284 25002
40291 15706
40323 35977
40327 48468
40330 32383
40345 16031
40352 27488
40354 28027
40360 34194
40392 37400
40398 39254
40404 45367
40409 14820
40410 30252
40413 32240
40418 29225
40425 49090
40431 15628
40434 54481
40436 50876
40439 23869
40442 15285
40480 40489
40489 40480
40492 14114
40495 33103
40499 55376
40528 27606
40531 27006
40552 50624
40556 43439
40558 41599
40559 29296
40562 32176
40564 30563
40568 22229
40576 34515
40580 35528
40581 43575
40583 26945
40584 27964
40628 47767
40638 43806
40655 51463
40661 15383
40666 42847
40691 23325
40712 18112
40734 21195
40736 49257
40742 27657
40757 39390
40758 50249
40771 31220
40773 37158
40788 37844
40795 26253
40804 53890
40818 27066
40841 24899
40848 49244
40866 43084
40868 43323
40898 43672
40900 37579
40909 37623
40910 36881
40926 35189
40935 38475
40941 35441
40953 20096
40966 35949
40983 50722
41003 31067
41029 22249
41038 23723
41078 26305
41110 31431
41127 16070
41132 37591
41142 36090
41151 20228
41154 36803
41157 27123
41170 37311
41174 18942
41182 21538
41193 40216
41196 16942
41198 46822
41234 39505
41242 25812
41251 14391
41264 33339
41283 14689
41288 27815
41289 39255
41304 33486
41315 19091
41336 27223
41354 35863
41357 42117
41374 36089
41380 54358
41387 31354
41388 21427
41432 32566
41447 16815
41466 40085
41476 17132
41510 54341
41513 36931
41515 32620
41544 31396
41572 33120
41581 29133
41584 31133
41590 53209
41599 40558
41620 21513
41622 40081
41628 45579
41659 29693
41661 36019
41664 21854
41678 44410
41681 38693
41692 27199
41694 53206
41731 45870
41762 17839
41771 27034
41777 46210
41783 43056
41788 27801
41796 52196
41800 39086
41808 39218
41817 26759
41842 50611
41846 25659
41848 18658
41857 15926
41864 21861
41867 45628
41881 47385
41889 45677
41893 21422
41898 52821
41917 43589
41933 25664
41935 29423
41955 23855
41963 52773
41978 23145
41992 21074
42002 36349
42027 34208
42068 53498
42079 37690
42092 24432
42111 28712
42114 31407
42117 41357
42127 29101
42141 34296
42148 23133
42158 29928
42181 28640
42193 23923
42198 47605
42204 42701
42211 14152
42212 25667
42216 18200
42237 50168
42241 23485
42249 35780
42256 30161
42290 32061
42298 21580
42299 42902
42313 23917
42375 34494
42378 42397
42383 50909
42389 38841
42418 14450
42438 27823
42452 46312
42456 15225
42459 14904
42464 42644
42481 51088
42543 18761
42563 33044
42570 45093
42593 16647
42598 17235
42603 31837
42605 24802
42608 17152
42615 53676
42622 38741
42644 42464
42651 15242
42658 26880
42676 52351
42701 42204
42711 32826
42713 45876
42722 47982
42740 23167
42742 20093
42750 24516
42756 21668
42762 24296
42776 27884
42784 44747
42827 28589
42831 37879
42843 49266
42847 40666
42848 36464
42858 19112
42881 50879
42895 43576
42900 30808
42901 26304
42902 42299
42905 34322
42932 18268
42940 47588
43021 36646
43025 49849
43047 17190
43056 41783
43061 35563
43084 40866
43105 14554
43110 44181
43122 34318
43156 25104
43158 25081
43181 19244
43190 38758
43213 15197
43250 45261
43264 33020
43268 24671
43269 37461
43287 22827
43299 55872
43306 23701
43309 47463
43317 52293
43318 37646
43342 31242
43343 25387
43345 27257
43348 58948
43350 37189
43351 32371
43368 33370
43373 35241
43381 34330
43387 37981
43396 37809
43409 21217
43420 35791
43428 17031
43439 40556
43441 35501
43446 51525
43451 24986
43472 51130
43475 29031
43477 14854
43481 14246
43484 27724
43509 39321
43521 15728
43527 35591
43540 23716
43572 27811
43576 42895
43589 41917
43595 51478
43600 39042
43616 46712
43640 43027
43672 40898
43673 58355
43698 54880
43699 14606
43716 38120
43724 20240
43768 21529
43772 24487
43778 33464
43799 29569
43806 40638
43811 24395
43838 32330
43861 37386
43864 44699
43867 24422
43915 52218
43917 31946
43947 14193
43948 15534
43954 36561
43957 33380
44012 15931
44025 44172
44040 26818
44054 46492
44063 14757
44066 19964
44069 15072
44072 20993
44073 33696
44085 32133
44134 17095
44135 21810
44145 51446
44147 19494
44149 36423
44172 44025
44181 43110
44185 33408
44196 37649
44201 45209
44206 17592
44222 15119
44228 32674
44238 32495
44239 24489
44254 17605
44255 33652
44263 15480
44268 29655
44284 15561
44286 31312
44315 30748
44319 52325
44324 25620
44338 18095
44340 27305
44345 32349
44347 19357
44353 27796
44369 31213
44374 19504
44383 16734
44387 46101
44406 18496
44410 41678
44425 34575
44426 51488
44427 14040
44429 36256
44439 26978
44450 14569
44454 22521
44485 37450
44519 31132
44531 23290
44547 34337
44560 38430
44577 35203
44582 53010
44588 51563
44592 51242
44593 29750
44597 21365
44615 30127
44618 15427
44642 14742
44643 37456
44678 24080
44720 28347
44747 42784
44756 17998
44801 20849
44816 27739
44820 35862
44823 46441
44836 17655
44839 57953
44847 48240
44860 14374
44875 51074
44930 45124
44936 34201
44937 48336
44951 56375
44961 26188
44965 36069
44983 23323
44986 16135
44999 28221
45016 61662
45020 38572
45038 16452
45040 53757
45049 22799
45084 33033
45093 42570
45094 53013
45117 51842
45132 57343
45133 53927
45140 17241
45147 49371
45162 24849
45175 32491
45177 23241
45202 32168
45209 44201
45236 51346
45240 40135
45245 22981
45257 23059
45260 47127
45261 43250
45263 22993
45273 15719
45340 23429
45355 14420
45360 38114
45367 40404
45371 50101
45388 51418
45419 31255
45432 29071
45482 31943
45486 15014
45492 33997
45511 19110
45516 53555
45528 23466
45531 15270
45537 22581
45538 21037
45603 30069
45608 25116
45613 18520
45622 14080
45628 41867
45671 49128
45677 41889
45695 51530
45704 24736
45711 26137
45731 26099
45746 22519
45756 36767
45759 47105
45762 24776
45796 15716
45820 15861
45827 29976
45850 14303
45856 34944
45870 41731
45873 25807
45876 42713
45893 30860
45915 32696
45945 14286
45946 37749
45973 32111
45975 47529
45981 32856
45990 26120
46005 24434
46035 23976
46045 39328
46052 31725
46068 49715
46076 27506
46094 26838
46103 33781
46113 53452
46141 33661
46149 18721
46159 34136
46180 40237
46186 30174
46195 38159
46200 18450
46209 46906
46210 41777
46239 28716
46255 14004
46257 30268
46284 22300
46303 16081
46312 42452
46348 48817
46352 33534
46363 33414
46369 46423
46389 54875
46395 29899
46398 46474
46405 21723
46407 29609
46414 28904
46423 46369
46441 44823
46468 50626
46474 46398
46515 31668
46517 30625
46523 24384
46540 26747
46559 17817
46601 37157
46612 53613
46616 16922
46631 35193
46634 54542
46656 34545
46664 32136
46688 53018
46689 36283
46704 38765
46712 43616
46714 32462
46720 19378
46734 52104
46737 48575
46773 26286
46776 20703
46822 41198
46840 55003
46897 24327
46906 46209
46918 33929
46925 25938
46932 54242
46940 50338
46961 14076
46979 15083
46987 15984
47031 27970
47032 18433
47063 22062
47073 38456
47076 20511
47078 16196
47099 34595
47105 45759
47127 45260
47138 22588
47187 28032
47190 23326
47214 50751
47246 34131
47319 28118
47326 50654
47353 25356
47379 48761
47383 28750
47385 41881
47453 51035
47454 17646
47463 43309
47464 20817
47465 39345
47472 23514
47476 58566
47478 35184
47480 23381
47483 22158
47487 51292
47519 27267
47529 45975
47568 34235
47588 42940
47605 42198
47626 26348
47638 57265
47653 30367
47656 16109
47675 51972
47704 24598
47731 24110
47738 32885
47767 40628
47770 19836
47790 21245
47821 23907
47867 49315
47870 34873
47873 20051
47879 53276
47902 36640
47915 29392
47923 27516
47930 37363
47949 15586
47956 15963
47982 42722
48019 28967
48042 32446
48047 24777
48050 20007
48055 33012
48063 27018
48080 30148
48109 23518
48112 51572
48114 25510
48116 34044
48130 23665
48142 17161
48161 51382
48184 38224
48216 22835
48240 44847
48252 29437
48261 16442
48277 27369
48292 26338
48336 44937
48337 37851
48347 16714
48363 61478
48387 26942
48428 50151
48468 40327
48480 18119
48499 17450
48521 34932
48524 17608
48530 57797
48544 49176
48574 29327
48575 46737
48579 29625
48587 37552
48614 33653
48619 34755
48623 29548
48629 54650
48631 14174
48657 26079
48667 32367
48669 23835
48670 50417
48683 50283
48689 17494
48719 24225
48727 52588
48741 18896
48749 57102
48755 19392
48761 47379
48773 14069
48787 54171
48794 52031
48800 25625
48801 31493
48817 46348
48821 37782
48854 45468
48889 32752
48908 39262
48928 26514
48946 18096
48968 24350
48979 32226
48983 21543
48995 56774
48997 49811
49000 36503
49021 40266
49026 29843
49029 37985
49036 31523
49051 36369
49060 25293
49061 19983
49072 31731
49090 40425
49099 31950
49101 30046
49108 34528
49111 21811
49112 33893
49115 17125
49128 45671
49130 25151
49176 48544
49244 40848
49248 55266
49257 40736
49266 42843
49298 23801
49313 24339
49314 38683
49315 47867
49316 45472
49371 45147
49385 15679
49394 27241
49402 32879
49409 30942
49415 16265
49474 30882
49482 32886
49539 34926
49541 39914
49546 27674
49566 19222
49595 33739
49613 33031
49620 32217
49624 31093
49635 14044
49652 27077
49661 18708
49664 42489
49675 22566
49683 36246
49684 27900
49703 24091
49708 38518
49715 46068
49731 15744
49734 51447
49739 50954
49756 39406
49769 51727
49809 51600
49811 48997
49830 23696
49849 43025
49856 18078
49864 37254
49872 33792
49881 51472
49913 17079
49939 32605
49961 17094
50006 51313
50070 51443
50079 31253
50101 45371
50126 33744
50151 48428
50168 42237
50178 14220
50186 15322
50189 52377
50191 14188
50227 21442
50229 20819
50230 28540
50233 19704
50249 40758
50253 14442
50264 50635
50283 48683
50323 21650
50338 46940
50361 34107
50370 23255
50371 35513
50378 35547
50386 25128
50393 22976
50397 28467
50417 48670
50436 33383
50439 29600
50467 32990
50474 38677
50476 36802
50506 16309
50513 29358
50530 59749
50567 34456
50569 29642
50611 41842
50617 37652
50624 40552
50626 46468
50635 50264
50652 33526
50654 47326
50655 23460
50658 19864
50659 16860
50668 39497
50676 34995
50689 19245
50697 37335
50702 23260
50712 27678
50716 34518
50726 16384
50730 25125
50751 47214
50757 61682
50771 23583
50801 19799
50827 17912
50829 52833
50857 57529
50876 40436
50879 42881
50885 56910
50900 24443
50906 38111
50909 42383
50939 15828
50944 35357
50954 49739
50964 32156
50970 37377
50979 31544
51021 38246
51035 47453
51045 18028
51054 52846
51067 17130
51086 17501
51088 42481
51110 34250
51130 43472
51132 34732
51174 27376
51225 33788
51242 44592
51246 32629
51307 44101
51313 50006
51346 45236
51357 21493
51359 25965
51361 16684
51370 28735
51382 48161
51418 45388
51429 29209
51437 56294
51443 50070
51446 44145
51447 49734
51461 53164
51463 40655
51472 49881
51478 43595
51488 44426
51525 43446
51530 45695
51539 27862
51542 30058
51552 23906
51571 23340
51572 48112
51592 19422
51600 49809
51609 34246
51622 17359
51632 59322
51703 23710
51727 49769
51734 14054
51786 55313
51828 38118
51833 28442
51842 45117
51879 33820
51888 24602
51917 20082
51959 20939
51972 47675
51977 28210
51992 26686
52012 21727
52024 21087
52031 48794
52035 23550
52053 28084
52088 37995
52104 46734
52124 39520
52134 24458
52139 55176
52166 23539
52182 39318
52197 34388
52206 36433
52213 24232
52218 43915
52232 16408
52325 44319
52335 32234
52339 17270
52351 42676
52361 17242
52377 50189
52381 30584
52401 25247
52404 18448
52457 33242
52468 22881
52484 39761
52527 30670
52554 17667
52557 20979
52588 48727
52590 17796
52618 35870
52620 24997
52632 25054
52659 36683
52675 30497
52704 55749
52727 28166
52773 41963
52777 16898
52821 41898
52833 50829
52837 38331
52846 51054
52870 16854
52872 57638
52920 33506
52931 55297
52953 36191
52962 32820
52974 15660
52991 21129
53000 63500
53010 44582
53013 45094
53018 46688
53036 17446
53052 15235
53068 37191
53102 31749
53119 23451
53133 20545
53157 54916
53164 51461
53170 26704
53197 14100
53206 41694
53209 41590
53217 37445
53219 27510
53229 36580
53276 47879
53303 15275
53342 22770
53349 17606
53351 20294
53356 22741
53388 38250
53389 28239
53440 34924
53452 46113
53498 42068
53499 23599
53537 27667
53555 45516
53621 17723
53623 34084
53626 31735
53635 23742
53641 36624
53644 40011
53658 28205
53676 42615
53705 28147
53771 25335
53777 18926
53793 39873
53801 33355
53840 35052
53921 27680
53927 45133
53935 35013
53938 55735
53940 28167
53949 17903
53990 28123
53995 29921
54115 21005
54132 31737
54146 17492
54206 38838
54231 24978
54242 46932
54299 33816
54325 26159
54336 29528
54358 41380
54376 34531
54421 58112
54425 18305
54431 56096
54457 39683
54481 40434
54542 46634
54583 15912
54613 34403
54650 48629
54664 15397
54681 22425
54725 30188
54733 15603
54766 39534
54799 30102
54810 30133
54880 43698
54898 24382
54903 29068
54904 56352
54908 15340
54911 39664
54916 53157
54925 33654
55003 46840
55062 15899
55097 37441
55106 22707
55141 27701
55149 25699
55176 52139
55243 15737
55259 29955
55267 32842
55297 52931
55313 51786
55330 65962
55376 40499
55386 18879
55419 28065
55532 36685
55554 21193
55586 22015
55650 38966
55735 53938
55749 52704
55860 37080
55872 43299
55893 16690
55976 32443
55985 56210
56096 54431
56192 38866
56210 55985
56234 14140
56260 36738
56294 51437
56352 54904
56375 44951
56429 30932
56508 39684
56520 24229
56640 35973
56643 26450
56658 21061
56715 32344
56725 27949
56774 48995
56846 18476
56901 29541
56910 50885
56922 26302
56956 27040
56970 40076
56978 24088
57022 57604
57102 48749
57107 17638
57265 47638
57322 22702
57384 37184
57512 31507
57540 29275
57560 38651
57567 14207
57604 57022
57638 52872
57740 19679
57743 32268
57797 48530
57907 22206
57953 44839
58062 16120
58073 31546
58112 54421
58124 29564
58355 43673
58451 31908
58566 47476
58821 17425
58823 23111
58948 43348
58995 52485
59010 17676
59011 34397
59023 34669
59157 16700
59175 15020
59294 15414
59322 51632
59333 46913
59395 61340
59537 37398
59749 50530
59875 26626
60002 18603
60026 25466
60469 40019
60542 29343
60854 22296
61175 53267
61340 59395
61354 24753
61400 24871
61478 48363
61491 34443
61535 29464
61618 32442
61662 45016
61682 50757
61796 15326
61992 24085
62546 20187
62936 32750
63500 53000
63754 22488
64051 44867
64595 39772
65962 55330
66021 32713
66123 18789
67565 33536
68618 23800
71482 30173
