438 31715
538 31347
556 32449
559 40409
568 15331
648 30737
652 15839
823 34104
842 33820
901 29954
902 46342
910 10666
915 34860
948 27226
952 34577
1002 21491
1046 20104
1051 43809
1132 30751
1234 38162
1254 40827
1266 47143
1296 11559
1302 10841
1314 30064
1318 12020
1337 22601
1360 25865
1372 29957
1382 21877
1398 18607
1400 41285
1412 29947
1414 39563
1428 44442
1429 49796
1492 49592
1497 42384
1499 13527
1509 12911
1514 41278
1573 43593
1580 41563
1601 9448
1612 53735
1628 9107
1658 30305
1664 56291
1670 25209
1681 24225
1682 14790
1686 24490
1732 35620
1743 34670
1794 24113
1796 56333
1800 44057
1801 25680
1803 12892
1815 33911
1822 17986
1843 47493
1849 36108
1860 35739
1865 40487
1874 12655
1876 22231
1887 32800
1897 19900
1899 49632
1930 19507
1932 32980
1941 29402
1947 38304
1956 41083
1988 29909
2019 43538
2073 48843
2086 31425
2092 33257
2095 34437
2121 21018
2126 3850
2138 8705
2169 49152
2174 38344
2198 8586
2271 33280
2274 19489
2281 11375
2291 27883
2294 51382
2311 20833
2324 35544
2325 36878
2330 21721
2338 30158
2369 13054
2382 20924
2406 11636
2408 36455
2411 23730
2432 35523
2435 35090
2455 13080
2456 12495
2457 25768
2458 49500
2462 42238
2464 42508
2471 20608
2485 19801
2500 20298
2506 48246
2508 32779
2527 25103
2543 34942
2552 32167
2562 24387
2563 10133
2572 21328
2604 34396
2609 9859
2617 30212
2619 41410
2620 21575
2621 13406
2627 14286
2629 32244
2641 19893
2647 18576
2651 33337
2661 38658
2664 30067
2666 22773
2667 49134
2692 7732
2693 8774
2694 18430
2699 22190
2708 31185
2716 18505
2735 20486
2746 47546
2757 20509
2763 18179
2765 36410
2769 38841
2770 35740
2786 15444
2789 12220
2809 25591
2814 9685
2818 31568
2826 13330
2852 30671
2872 41519
2912 17109
2914 25755
2921 26166
2923 44067
2927 51076
2964 17446
2968 34805
2987 34811
2990 18421
2996 21920
3021 13484
3047 41921
3048 18016
3051 21013
3058 37376
3064 44134
3075 21585
3093 43739
3094 31614
3095 14657
3104 53178
3111 32267
3117 37173
3127 17011
3133 45076
3135 25775
3136 42479
3142 30651
3143 34154
3161 13586
3171 22070
3176 5380
3186 38458
3189 22594
3193 6777
3214 14591
3218 39063
3241 35633
3255 49005
3258 38178
3259 44286
3267 13828
3285 15129
3314 38928
3315 13992
3330 49000
3333 6451
3343 35188
3348 17705
3363 44787
3370 21235
3372 28683
3400 37093
3422 33308
3433 18427
3436 12042
3441 32476
3446 52032
3453 29805
3459 24701
3464 10038
3499 23567
3506 41364
3507 18737
3511 35048
3512 24649
3544 29071
3556 29516
3561 51869
3564 42065
3585 35303
3604 24443
3606 32571
3608 59452
3614 42186
3625 29175
3633 52559
3635 5651
3636 8625
3637 38889
3654 13596
3655 41465
3660 29765
3668 35135
3679 9010
3681 28622
3688 14858
3689 12537
3709 27332
3710 31709
3720 30003
3738 12847
3750 26670
3755 26933
3762 43388
3782 39055
3799 33179
3804 37482
3805 16845
3809 21889
3812 21708
3828 33841
3837 8511
3841 24007
3875 15645
3878 35272
3880 15061
3881 45247
3891 12542
3899 27695
3903 15064
3919 42804
3920 47915
3928 30457
3941 25062
3965 24601
3974 8714
3979 10816
3980 40312
3995 24174
3997 7909
4011 38429
4014 28808
4023 21570
4029 44079
4034 29193
4039 13563
4048 38775
4051 17540
4063 12617
4073 41032
4074 29485
4086 11263
4105 30678
4106 46299
4125 32910
4145 36621
4147 20793
4150 37073
4158 8286
4161 11539
4176 16288
4178 19595
4182 24593
4186 35058
4206 24019
4215 39026
4218 24025
4219 48985
4223 16561
4228 26428
4229 31376
4236 15941
4259 11506
4265 38144
4270 28193
4284 17700
4288 12325
4291 11209
4313 48048
4322 22769
4341 14323
4344 41068
4346 19399
4362 52990
4371 44537
4381 11716
4400 8985
4411 30364
4421 10412
4433 18175
4450 32404
4456 19480
4486 50925
4487 18950
4488 8218
4490 36247
4497 12304
4506 38611
4515 23896
4528 26806
4545 6797
4552 20845
4570 18914
4604 33503
4610 20637
4617 29050
4619 35278
4624 30700
4627 12767
4630 15624
4634 10449
4645 37561
4672 34592
4673 40771
4680 32715
4686 34665
4696 14785
4722 15953
4740 38157
4741 34354
4752 9679
4758 41799
4761 40561
4768 36808
4772 34524
4775 22614
4784 22421
4807 37425
4816 5872
4820 32486
4829 54186
4839 10852
4865 18905
4885 5214
4889 35912
4894 50820
4899 12149
4905 20439
4906 22921
4919 23082
4939 17317
4946 24236
4949 7595
4958 29179
4982 13885
4988 39773
4989 41347
4997 29383
5015 25786
5016 41087
5063 28398
5077 5987
5085 25192
5087 19804
5089 9695
5101 52504
5130 7807
5133 39816
5141 30002
5143 23936
5146 39394
5149 19072
5150 23096
5151 8152
5155 43330
5158 48209
5166 50980
5168 21220
5184 5783
5209 30182
5220 12011
5229 36786
5234 7701
5249 24843
5250 15797
5256 36523
5269 41287
5275 41752
5276 40553
5277 35726
5288 18307
5298 19560
5322 32416
5340 21979
5358 43444
5378 47959
5379 12914
5388 29592
5396 42891
5410 30461
5411 16611
5416 42062
5438 29972
5439 25179
5462 29944
5488 9699
5493 28613
5498 50628
5501 37295
5502 19479
5522 48595
5528 12935
5546 26675
5547 58642
5571 17174
5581 22528
5590 13268
5594 43047
5596 44098
5613 38914
5624 48065
5630 16740
5637 27673
5639 35353
5644 31894
5645 38183
5654 28474
5712 41956
5718 15558
5724 17865
5739 33469
5749 7972
5751 39050
5754 18783
5768 11837
5780 41004
5789 21934
5796 36252
5807 25522
5826 26820
5834 29474
5837 7130
5840 20992
5841 34227
5853 43189
5865 24653
5866 41577
5873 8632
5880 22544
5892 13806
5898 11193
5911 46862
5913 26202
5914 12852
5915 24731
5925 45620
5933 32432
5963 36284
5968 7399
5977 38384
6019 46768
6022 32585
6037 28634
6045 33470
6048 32669
6051 24730
6052 14875
6065 15089
6116 6664
6128 27502
6177 15859
6184 37591
6191 26187
6192 29303
6193 17971
6225 35039
6232 8518
6236 6909
6239 9133
6242 17836
6245 7568
6257 12352
6287 40935
6291 50020
6295 25686
6304 28789
6310 44691
6313 6724
6317 24695
6323 50196
6341 48858
6351 50280
6359 9136
6361 37050
6363 25602
6366 27176
6370 38366
6399 40368
6420 23530
6425 7994
6427 38424
6430 13365
6433 32844
6437 14107
6442 20145
6450 7927
6456 8724
6459 20984
6471 20350
6474 8198
6476 11912
6484 17790
6491 8957
6497 20836
6501 10872
6502 42015
6511 46015
6513 35029
6519 25927
6524 33821
6540 31774
6543 26909
6551 10064
6552 16982
6553 34472
6555 22317
6585 16654
6595 20466
6599 29101
6613 39969
6616 19943
6642 36545
6648 33124
6655 19184
6662 34405
6667 38039
6670 40268
6675 12132
6676 36213
6694 34051
6701 37685
6718 40482
6725 7887
6727 34384
6761 42717
6798 12591
6807 33057
6810 18345
6811 29633
6825 23578
6835 31651
6857 7515
6861 13694
6862 7393
6866 14428
6880 14148
6883 49322
6884 12500
6890 12512
6902 33497
6908 37751
6914 13304
6918 19269
6920 37508
6922 12891
6935 27610
6946 9134
6952 13835
6982 47172
7003 24801
7005 13862
7016 20872
7023 40088
7025 15034
7026 12136
7040 13821
7045 27114
7050 30777
7051 26671
7057 28868
7060 20478
7061 42403
7066 50912
7068 11788
7073 16732
7077 42824
7084 26205
7088 46359
7092 10142
7108 7521
7111 19434
7112 14122
7123 26630
7125 23392
7129 13851
7132 28818
7156 41093
7161 7950
7172 18358
7185 43022
7186 38991
7193 40721
7195 47511
7203 16526
7206 11826
7228 38972
7234 44819
7261 20640
7266 31255
7275 11185
7277 11256
7278 42256
7290 7965
7296 21450
7301 27964
7305 42202
7314 13226
7316 24304
7324 14102
7347 13030
7348 36153
7361 17445
7365 11043
7367 43556
7375 25804
7384 25081
7392 19355
7400 17464
7408 20277
7416 33393
7430 44158
7433 19351
7443 21474
7444 13220
7445 8264
7447 45163
7470 19869
7473 39392
7491 27986
7506 27257
7507 34934
7529 29051
7535 34612
7541 27392
7542 31726
7547 25674
7559 36118
7565 25002
7573 37924
7576 10277
7580 7787
7582 23266
7613 35181
7616 9671
7622 14187
7644 36473
7645 28110
7648 31240
7655 9251
7658 8314
7659 18854
7683 40210
7692 13186
7696 9330
7706 33651
7712 41333
7716 10799
7720 34700
7725 12389
7728 18476
7769 25559
7771 28681
7776 17190
7782 19585
7783 12923
7789 44119
7790 38394
7795 22717
7811 31089
7813 12956
7836 15057
7859 31368
7862 30122
7863 24339
7873 16741
7874 43043
7879 38094
7880 37428
7883 27058
7889 40899
7894 24457
7902 47866
7908 24406
7911 35174
7913 12835
7925 15632
7952 34624
7957 19339
7970 10012
8000 49033
8015 31828
8027 17892
8029 39683
8031 20250
8036 33604
8042 23518
8049 26069
8053 18777
8097 37945
8103 39496
8117 48752
8127 11249
8128 18982
8142 35846
8143 29238
8154 40750
8161 11732
8190 25975
8192 9978
8194 13655
8201 20979
8204 18613
8224 43400
8229 10993
8233 37714
8235 11191
8250 38248
8267 17175
8273 51395
8291 48437
8317 9145
8329 21472
8330 35622
8332 38645
8333 40918
8340 27431
8345 13633
8361 10521
8363 23193
8371 29712
8390 45167
8399 18680
8429 44624
8448 47077
8450 47744
8451 8920
8460 10404
8467 19452
8471 8886
8478 22729
8490 24573
8499 24215
8508 20241
8509 14211
8515 44479
8524 42029
8547 11888
8559 29170
8570 11973
8573 52058
8576 14044
8577 23226
8580 17278
8581 37565
8585 14902
8594 44458
8595 25740
8596 32847
8599 10773
8603 8962
8608 10471
8628 17565
8640 17741
8652 26162
8664 44186
8667 42657
8668 30618
8685 28952
8686 18881
8687 14517
8693 30293
8696 17911
8704 33439
8725 17449
8729 18069
8738 35612
8748 34478
8749 24317
8757 14564
8782 26339
8784 16258
8792 25958
8796 44846
8802 22805
8805 17167
8819 30834
8822 36649
8847 16173
8848 45621
8849 28945
8851 9445
8859 28441
8863 42770
8866 34159
8875 24476
8880 43197
8887 41358
8890 40700
8898 48429
8899 37682
8901 43148
8921 21814
8935 42091
8950 38407
8970 15086
8978 20319
8987 20053
8988 29003
8990 37775
8998 43689
8999 26169
9017 16953
9021 9240
9025 40489
9031 11152
9039 32202
9053 51334
9073 32442
9087 42821
9100 33420
9114 29933
9123 10850
9131 23683
9139 12848
9140 20868
9141 20497
9146 39746
9153 30070
9161 10448
9171 29679
9176 11760
9183 31967
9189 18945
9205 25970
9213 9790
9223 41479
9230 34605
9231 12858
9233 14237
9239 19981
9241 22417
9250 21033
9260 16620
9269 29124
9271 27831
9275 30856
9283 26103
9293 30234
9298 37106
9306 42557
9319 44123
9333 36988
9335 19018
9339 14953
9342 43639
9347 22328
9353 35035
9354 43751
9357 22927
9360 40212
9362 23585
9373 32031
9382 49629
9390 30276
9406 21773
9410 11699
9430 51380
9435 32923
9442 20558
9444 22322
9454 25055
9486 38456
9494 15979
9498 15807
9504 30388
9516 11488
9519 11947
9520 20044
9547 40022
9571 24513
9573 14230
9575 10285
9581 11573
9610 18579
9618 42883
9622 33290
9649 19378
9669 41923
9689 34157
9702 13311
9704 26465
9709 38200
9721 14638
9722 43204
9732 35958
9744 16911
9748 28621
9758 28339
9763 15264
9777 27402
9783 24799
9784 32956
9801 29453
9806 49507
9835 45304
9842 21489
9853 30503
9854 16137
9856 14103
9861 38245
9875 21385
9881 18752
9896 35618
9901 27792
9902 18891
9906 24165
9918 16055
9923 23378
9946 14255
9949 24978
9957 15109
9967 23881
9984 36828
10007 15998
10010 37457
10014 34430
10034 28480
10045 34892
10051 41110
10068 10405
10072 19011
10082 23093
10096 27310
10100 29357
10111 19586
10118 50228
10119 24558
10125 10579
10139 16170
10166 23393
10167 30899
10177 34656
10186 24581
10203 40406
10207 35153
10218 22303
10229 21057
10231 30940
10252 53656
10257 21508
10258 21711
10282 32339
10284 26476
10297 42550
10298 26387
10305 46450
10310 30147
10330 20804
10349 13417
10365 27750
10371 35946
10377 17711
10378 43376
10406 12841
10413 29355
10426 55037
10428 33045
10437 17499
10438 11621
10441 29288
10464 30098
10470 40057
10475 35038
10496 22131
10498 32777
10500 25141
10531 34502
10536 31107
10541 29267
10553 19207
10556 35837
10570 32631
10574 28277
10576 22155
10592 34724
10600 43073
10604 38995
10605 30155
10612 37284
10615 16399
10628 29927
10630 28810
10631 46527
10652 11269
10653 24444
10659 19672
10662 27623
10663 15101
10672 39884
10682 11664
10702 22526
10705 30927
10711 44428
10713 19133
10716 15087
10725 30504
10727 21174
10738 38281
10739 32076
10740 20146
10745 21985
10747 32562
10748 19306
10752 35586
10762 33359
10771 41037
10784 38654
10804 29035
10810 36246
10821 37412
10826 13953
10844 14089
10851 39459
10854 17169
10858 42713
10868 14498
10891 42649
10896 29834
10915 15594
10919 49421
10925 39972
10946 36912
10950 41677
10973 38781
10980 14740
10984 35789
10988 30670
10989 23276
10994 24289
11028 19623
11029 25681
11046 35688
11048 26507
11055 46800
11057 12059
11079 39998
11085 21425
11092 35145
11116 31752
11121 13754
11126 24858
11137 15240
11138 37320
11144 35140
11146 13905
11154 25741
11156 15313
11187 37919
11199 26266
11208 28745
11211 16643
11223 50582
11224 25198
11240 16390
11246 15171
11251 18575
11254 30779
11260 17982
11273 38137
11274 25621
11293 20843
11303 16136
11304 34017
11318 26322
11329 13325
11332 30044
11341 51089
11355 35736
11358 23662
11359 44677
11366 20642
11367 40469
11389 32079
11392 37806
11398 28434
11400 23817
11402 15817
11409 13843
11413 14405
11429 30465
11435 42707
11440 23416
11447 46793
11449 19476
11453 15411
11476 36875
11490 33507
11510 20737
11515 41074
11520 22102
11528 11970
11534 49323
11535 38878
11540 27255
11542 17734
11572 25891
11579 23893
11589 25827
11592 20933
11626 13740
11640 35972
11643 41720
11654 37021
11668 31878
11669 49766
11674 23247
11691 43667
11693 42641
11705 38593
11711 35122
11717 22237
11724 15442
11727 23180
11728 47439
11754 23331
11758 18943
11777 16806
11786 25162
11789 14616
11793 21819
11801 23327
11805 41741
11816 23915
11836 21724
11850 15798
11861 34741
11871 32284
11874 30964
11894 45886
11901 28074
11911 38518
11913 54815
11918 30047
11931 24772
11935 21171
11960 14363
11970 11528
11999 12889
12002 18805
12009 46789
12064 37922
12069 20975
12077 20368
12098 28744
12107 30265
12110 28037
12117 24450
12124 31502
12138 34272
12144 34010
12163 44569
12173 45650
12176 26110
12179 43898
12182 46566
12187 42725
12203 14208
12204 24572
12208 36288
12209 33195
12236 44266
12238 49180
12254 21604
12273 15930
12277 22884
12281 27542
12293 19784
12296 55522
12308 37303
12310 37861
12313 24396
12324 47942
12333 20285
12341 21858
12346 35066
12377 40046
12391 39365
12393 46610
12394 12775
12395 27663
12397 24256
12407 18541
12418 45751
12429 34082
12430 34057
12441 35651
12452 24111
12460 44350
12477 51900
12480 31319
12493 31448
12510 38180
12517 37577
12526 15588
12547 29178
12559 31457
12569 34358
12578 19512
12593 39696
12595 19185
12616 31633
12622 45053
12624 23183
12626 24212
12650 42938
12657 20324
12663 45958
12681 22945
12684 43578
12686 15084
12690 28004
12697 28017
12701 47401
12716 16522
12740 26270
12747 25226
12761 22053
12768 21182
12779 30516
12780 30522
12783 23998
12785 34630
12792 14079
12820 16070
12830 29393
12836 40499
12860 15288
12862 21460
12871 31533
12881 23084
12888 36364
12889 11999
12893 24667
12899 17987
12907 12936
12909 13052
12936 12907
12949 15823
12953 34375
12965 23589
12978 19550
12993 28239
13011 35924
13017 17672
13025 36730
13041 54782
13044 24014
13052 12909
13069 32016
13081 48792
13101 17307
13102 38229
13104 37149
13109 24899
13113 36781
13123 52311
13126 34370
13141 32163
13147 29943
13150 13491
13178 25087
13181 34046
13194 14270
13200 22579
13216 50162
13224 37209
13243 44546
13244 32599
13275 39043
13283 41835
13286 16425
13315 24590
13316 38729
13317 15015
13319 43528
13325 11329
13336 31996
13340 23219
13344 28473
13358 44015
13362 21569
13375 26294
13377 32162
13383 25566
13405 23148
13412 36042
13421 18361
13423 36264
13436 28752
13469 30247
13480 19831
13488 14121
13497 25562
13506 36580
13509 18328
13510 34964
13526 40228
13555 19226
13559 41635
13568 43979
13580 26271
13592 35114
13621 36076
13627 22885
13637 31953
13639 30560
13646 51617
13664 18354
13665 35065
13668 20098
13669 39871
13680 16275
13708 33352
13711 20161
13721 22180
13740 11626
13751 39661
13756 36271
13770 55701
13779 26936
13791 45934
13796 32447
13800 46123
13807 27149
13812 34909
13817 25936
13819 20995
13825 29043
13840 29065
13841 29955
13843 11409
13844 32462
13860 26892
13861 36770
13874 31959
13877 38904
13886 44805
13912 42150
13913 50475
13914 27538
13919 24130
13924 18022
13929 18035
13948 48013
13960 44365
13964 32005
13977 23360
13982 20284
13984 15889
13991 50254
13994 43630
14001 46548
14011 43984
14021 32396
14038 38117
14042 29128
14047 39484
14055 20549
14056 37092
14059 31472
14070 29304
14078 26094
14079 12792
14081 39410
14087 15107
14091 30251
14110 15841
14121 13488
14127 20237
14129 21003
14132 24979
14143 26250
14155 17713
14178 18729
14179 30736
14192 23006
14193 34922
14194 15150
14208 12203
14227 38702
14229 18276
14262 25761
14264 33425
14270 13194
14289 33693
14293 34259
14295 31793
14310 19985
14320 18634
14329 24773
14332 49287
14335 55880
14337 43902
14356 25168
14360 24659
14361 23548
14363 11960
14372 17206
14391 18397
14395 32510
14396 31455
14403 37816
14404 49440
14405 11413
14408 27934
14410 28333
14455 27670
14465 34753
14467 16801
14490 49711
14500 29306
14503 19123
14510 50804
14520 35968
14557 47783
14561 21781
14574 32900
14576 38153
14607 37503
14608 18741
14609 27519
14616 11789
14622 19766
14626 37947
14633 26191
14642 16289
14659 24804
14668 50118
14669 21925
14686 15282
14688 32410
14690 20779
14693 44799
14696 45111
14698 21010
14712 34513
14735 23156
14738 53874
14742 31512
14745 15006
14753 20082
14757 26811
14768 21313
14774 20685
14777 30380
14789 41146
14797 30963
14806 44475
14812 41097
14816 20569
14831 26854
14838 29841
14857 44360
14859 20909
14860 23474
14900 14964
14901 16581
14914 35042
14929 18133
14936 30551
14939 17755
14948 45757
14949 20085
14952 39676
14960 48101
14964 14900
14980 31004
14981 39313
14983 20176
14992 26886
14993 19468
15001 24660
15006 14745
15015 13317
15023 22487
15025 30298
15030 21348
15032 32627
15046 29782
15066 29699
15071 26834
15072 25465
15074 34767
15082 13888
15084 12686
15094 34620
15097 38538
15108 20683
15111 38471
15118 23074
15119 30851
15120 46101
15125 31043
15131 22315
15132 29630
15143 46854
15150 14194
15152 21221
15159 37273
15172 24031
15180 56646
15187 21154
15190 15554
15197 45714
15198 16006
15222 21032
15224 25105
15232 28982
15244 38896
15250 45135
15252 40222
15253 16613
15257 17576
15282 14686
15284 47038
15288 12860
15292 47344
15299 24570
15300 44997
15319 22226
15332 37605
15333 38678
15337 28421
15347 23511
15348 29045
15374 39786
15379 48647
15386 33096
15391 36707
15399 21605
15408 46670
15411 11453
15427 23616
15428 21454
15435 27511
15442 11724
15470 26272
15475 38133
15488 33775
15497 45323
15511 27649
15523 35366
15531 25057
15554 15190
15560 31404
15561 25148
15588 12526
15598 40325
15608 44378
15612 28200
15616 39000
15640 43135
15656 37632
15658 40943
15674 24651
15685 39188
15694 32846
15698 22772
15699 32808
15708 29163
15709 21440
15715 26641
15743 23123
15746 20213
15749 30051
15750 33099
15751 49843
15760 35044
15767 38817
15768 16402
15771 43993
15791 39468
15798 11850
15805 40863
15812 22035
15817 11402
15823 12949
15824 30649
15835 27424
15841 14110
15843 17259
15863 40205
15877 40794
15889 13984
15906 32962
15907 28626
15930 12273
15935 48840
15943 27878
15952 38619
15964 31170
15978 17426
15990 19161
15997 18619
16003 24132
16006 15198
16013 31464
16037 36687
16048 47121
16070 12820
16095 30663
16097 20735
16099 43535
16102 25547
16105 41981
16115 17297
16117 23821
16119 20512
16136 11303
16140 16575
16149 19274
16154 32756
16161 21552
16171 32833
16176 17064
16195 25448
16199 30225
16209 31591
16240 31587
16254 45045
16262 33688
16275 13680
16287 26615
16289 14642
16312 37644
16317 47652
16355 25721
16362 46212
16369 23623
16371 44709
16382 51132
16398 18998
16402 15768
16403 42729
16422 27842
16431 42166
16440 22083
16441 31612
16442 24163
16454 17110
16485 21882
16491 48336
16495 25699
16509 24342
16522 12716
16530 33769
16532 24023
16536 40341
16541 20206
16563 19567
16564 35922
16569 35583
16575 16140
16581 14901
16597 19181
16608 25033
16612 34648
16613 15253
16628 35416
16638 35865
16642 43211
16663 19177
16690 49070
16693 19763
16702 41715
16704 28927
16705 37489
16708 30814
16714 27352
16750 40546
16751 21093
16781 46622
16789 40093
16791 23376
16801 14467
16803 17439
16806 11777
16816 39765
16827 38979
16828 28885
16850 17101
16860 37481
16862 33639
16868 31323
16878 29125
16881 39878
16892 29467
16900 42905
16908 43947
16910 35831
16934 28091
16935 18917
16945 48937
16947 23835
16962 19522
16970 38504
16979 31971
17006 35529
17019 30576
17039 28381
17045 41777
17064 16176
17068 39024
17073 17180
17076 30967
17079 41854
17080 43103
17084 44504
17101 16850
17110 16454
17112 41217
17130 24591
17153 26443
17160 27188
17180 17073
17187 34637
17198 42565
17200 28518
17201 26973
17206 14372
17208 43460
17217 30126
17224 39901
17230 41970
17238 22865
17245 19662
17250 32664
17259 15843
17266 25612
17269 30131
17270 40211
17271 41039
17280 39589
17295 32001
17297 16115
17299 42807
17301 40256
17307 13101
17310 41142
17333 28718
17336 43004
17339 28097
17342 34875
17348 38255
17349 25872
17371 43359
17383 20413
17389 35999
17402 18721
17416 20880
17426 15978
17439 16803
17440 31371
17472 33154
17485 36840
17497 25143
17509 26710
17541 19898
17566 19953
17570 45539
17578 33093
17589 50421
17590 21249
17598 20150
17620 21069
17664 26263
17672 13017
17679 18145
17702 47516
17713 14155
17749 23144
17755 14939
17763 39672
17765 29044
17768 41978
17769 36511
17784 21152
17786 32187
17787 19119
17797 21576
17808 31174
17813 37123
17826 52546
17830 25617
17840 19690
17852 31928
17854 34406
17861 36310
17876 22750
17881 19568
17882 38287
17890 33111
17901 29212
17912 18947
17918 33155
17922 23048
17926 46948
17935 20457
17951 27521
17955 24093
17962 37931
17987 12899
18013 35352
18018 23786
18020 24786
18022 13924
18027 30999
18044 25045
18059 34175
18061 23806
18067 18222
18071 41860
18075 35082
18090 24980
18095 21599
18106 38842
18133 14929
18134 30352
18145 17679
18149 19395
18163 42568
18173 34446
18191 35981
18200 42008
18219 25661
18222 18067
18223 24663
18251 23400
18276 14229
18294 27422
18302 39692
18323 21935
18330 21389
18351 31499
18354 13664
18361 13421
18367 36262
18374 18825
18397 14391
18414 35231
18445 33752
18449 32351
18464 48973
18465 47119
18468 25439
18470 22782
18471 31547
18473 23445
18480 35654
18496 36444
18502 23309
18503 26085
18504 27217
18521 19490
18525 25848
18541 12407
18552 39578
18570 35434
18573 21144
18577 44312
18616 18919
18619 15997
18621 44439
18623 32919
18624 28976
18626 51398
18634 14320
18649 31663
18651 33692
18665 29299
18672 20645
18683 26597
18697 22606
18711 45533
18719 23604
18721 17402
18728 50105
18729 14178
18730 41787
18735 33740
18741 14608
18778 27060
18785 31318
18788 18850
18791 49912
18796 33481
18807 21627
18825 18374
18831 35285
18850 18788
18863 43557
18865 22175
18877 21233
18889 32004
18917 16935
18919 18616
18931 46752
18943 11758
18947 17912
18948 29664
18960 23872
18966 25805
18987 34386
18991 30060
18995 32433
18998 16398
19002 29821
19031 21246
19064 30127
19070 31250
19119 17787
19123 14503
19135 51595
19138 43473
19153 29853
19160 25626
19161 15990
19165 26183
19177 16663
19181 16597
19185 12595
19190 24091
19226 13555
19267 25540
19274 16149
19298 42175
19313 28260
19321 42574
19323 22840
19326 29789
19327 44903
19331 36361
19334 29865
19354 25343
19361 23989
19391 43382
19395 18149
19400 44470
19407 34880
19412 36072
19441 27275
19461 43012
19466 27832
19468 14993
19469 30557
19472 36087
19476 11449
19478 38195
19490 18521
19512 12578
19522 16962
19526 27856
19527 28740
19529 39449
19548 22064
19550 12978
19553 48349
19563 27523
19567 16563
19568 17881
19604 27704
19605 44080
19627 33517
19641 21970
19643 36617
19644 38977
19650 36194
19651 31184
19662 17245
19666 44071
19668 27090
19684 39867
19686 25892
19690 17840
19712 34001
19726 35899
19729 25505
19730 40901
19760 53751
19763 16693
19766 14622
19777 23562
19778 25127
19784 12293
19806 35237
19812 41607
19826 34338
19830 47241
19831 13480
19834 43057
19841 42710
19856 48462
19860 43409
19863 25200
19876 21986
19877 26362
19894 31312
19898 17541
19907 36643
19915 24693
19937 21452
19952 31882
19953 17566
19957 38419
19971 32375
19975 28894
19979 29423
19985 14310
19991 37196
19996 48435
20009 41238
20015 40204
20027 27886
20030 37723
20033 35440
20041 29539
20048 31691
20075 41166
20082 14753
20085 14949
20090 43201
20134 28584
20149 35578
20150 17598
20153 22468
20159 27082
20173 25597
20176 14983
20180 22657
20187 24966
20206 16541
20213 15746
20214 24898
20217 24620
20222 23225
20223 38409
20237 14127
20260 27127
20261 39567
20276 25790
20284 13982
20285 12333
20287 20522
20290 20999
20324 12657
20341 47278
20345 21849
20352 47212
20356 40530
20361 54934
20364 34456
20368 12077
20376 28423
20389 29344
20403 26748
20413 17383
20436 22557
20438 22440
20441 30077
20452 34101
20457 17935
20461 24135
20470 21195
20474 49006
20512 16119
20526 36235
20549 14055
20553 33029
20554 20649
20568 34834
20569 14816
20574 29481
20642 11366
20643 20644
20645 18672
20649 20554
20652 36250
20665 38951
20670 29155
20682 30199
20683 15108
20695 29381
20700 21321
20703 28116
20704 28224
20710 35010
20726 22472
20731 28440
20735 16097
20736 28986
20737 11510
20744 24681
20750 38786
20769 43061
20778 31036
20779 14690
20780 22030
20787 40929
20795 39167
20800 40390
20806 29451
20807 27603
20832 22311
20843 11293
20861 34976
20862 33326
20869 32387
20891 40719
20897 23067
20931 33520
20933 11592
20936 32390
20938 42132
20944 21390
20945 25452
20963 32072
20964 40574
20965 25676
20968 29891
20974 50004
20975 12069
20978 31474
20982 30869
20994 43803
20995 13819
20999 20290
21003 14129
21015 35657
21025 24389
21069 17620
21077 51117
21087 29258
21093 16751
21100 29161
21110 33284
21126 27249
21144 18573
21152 17784
21154 15187
21155 21339
21160 30809
21171 11935
21172 43026
21193 45930
21194 31169
21195 20470
21196 29120
21199 31810
21210 13599
21221 15152
21232 40716
21233 18877
21237 46865
21241 29091
21246 19031
21249 17590
21250 22997
21256 37327
21274 35163
21290 29541
21311 38608
21313 14768
21321 20700
21339 21155
21342 29213
21348 15030
21359 20673
21376 41927
21379 26893
21388 28168
21390 20944
21391 34626
21414 45377
21420 25398
21440 15709
21441 23039
21452 19937
21454 15428
21460 12862
21473 30029
21479 38355
21485 51023
21486 54531
21526 29486
21530 50661
21545 38881
21552 16161
21569 13362
21576 17797
21577 50352
21589 26436
21599 18095
21601 35936
21604 12254
21605 15399
21617 24977
21665 33200
21672 22197
21673 34231
21676 35659
21683 27412
21686 49784
21696 45919
21724 11836
21737 30849
21741 53015
21766 36735
21780 33265
21784 37057
21795 26003
21809 26958
21812 37778
21819 11793
21824 31258
21825 46750
21831 45505
21849 20345
21850 32773
21856 24299
21858 12341
21865 22462
21871 35054
21882 16485
21883 33203
21886 53759
21887 36407
21888 35634
21908 42124
21925 14669
21953 22094
21970 19641
21980 34474
21986 19876
21990 36383
21994 47889
22002 27531
22018 33808
22035 15812
22053 12761
22064 19548
22075 45705
22083 16440
22088 30391
22094 21953
22102 11520
22123 41458
22132 26207
22149 53923
22158 32964
22169 45578
22175 18865
22180 13721
22194 31548
22197 21672
22237 11717
22239 26013
22244 33825
22285 24054
22309 40301
22311 20832
22352 46909
22386 47460
22419 36313
22440 20438
22450 41321
22462 21865
22468 20153
22472 20726
22482 51950
22486 40346
22487 15023
22495 37754
22509 22700
22524 23577
22535 31326
22557 20436
22568 36023
22573 23592
22578 34337
22579 13200
22589 43279
22604 39588
22606 18697
22622 22807
22632 33670
22644 27805
22647 42373
22657 20180
22678 27325
22683 28510
22690 32296
22697 35616
22698 27241
22700 22509
22711 42267
22732 35075
22750 17876
22772 15698
22782 18470
22794 41100
22801 30074
22807 22622
22840 19323
22849 37630
22852 31620
22860 26407
22879 25019
22884 12277
22885 13627
22894 32948
22911 35242
22926 25396
22932 28021
22941 37950
22945 12681
22953 40838
22956 28561
22958 30403
22968 35426
22970 44871
22972 40717
22992 25012
23006 14192
23014 31981
23019 41642
23025 36161
23034 28649
23039 21441
23047 25305
23048 17922
23057 31288
23072 26915
23074 15118
23084 12881
23107 42758
23111 38945
23117 36883
23123 15743
23127 36244
23129 27166
23131 37531
23134 24092
23141 50127
23144 17749
23146 45654
23148 13405
23149 26172
23156 14735
23180 11727
23183 12624
23190 42428
23205 27041
23213 49190
23218 45497
23219 13340
23225 20222
23239 23934
23240 23908
23241 24604
23243 34857
23247 11674
23254 31177
23288 30585
23294 47982
23303 34032
23304 31340
23321 38574
23327 11801
23331 11754
23360 13977
23376 16791
23390 27820
23395 30160
23399 22181
23416 11440
23426 33174
23437 40054
23445 18473
23471 38643
23474 14860
23476 41668
23504 36466
23511 15347
23522 28465
23540 36406
23548 14361
23558 38960
23561 28475
23562 19777
23564 25289
23577 22524
23579 32039
23589 12965
23592 22573
23606 41541
23616 15427
23617 46618
23621 24611
23623 16369
23646 27359
23662 11358
23679 41179
23685 30593
23697 28349
23709 35021
23728 25524
23731 33083
23733 28235
23738 36404
23786 18018
23798 33997
23799 36497
23804 46306
23806 18061
23817 11400
23821 16117
23826 33050
23849 41849
23857 39664
23867 33447
23869 44457
23872 18960
23884 47316
23893 11579
23908 23240
23914 29711
23915 11816
23933 34325
23934 23239
23943 48829
23961 35125
23963 33619
23979 43474
23989 19361
23995 40572
24023 16532
24031 15172
24043 28437
24047 51670
24052 33658
24054 22285
24056 41232
24071 31149
24084 30968
24092 23134
24093 17955
24097 42076
24116 42138
24126 26689
24130 13919
24132 16003
24135 20461
24136 34603
24140 46384
24150 41520
24204 39879
24208 29991
24212 12626
24229 26201
24264 30969
24306 47219
24312 24829
24322 28388
24332 29229
24342 16509
24354 36046
24359 39355
24377 30361
24380 28066
24389 21025
24390 38349
24398 54656
24405 46430
24409 39865
24416 25948
24446 47458
24450 12117
24456 56898
24465 24918
24489 52697
24500 38326
24528 42110
24530 30237
24541 35427
24550 43153
24551 33509
24570 15299
24580 34166
24590 13315
24591 17130
24595 28184
24604 23241
24611 23621
24620 20217
24627 28466
24628 39796
24629 33117
24639 27207
24648 25584
24651 15674
24660 15001
24663 18223
24667 12893
24681 20744
24692 33807
24693 19915
24694 31202
24722 36885
24736 41615
24753 43088
24771 29398
24772 11931
24773 14329
24785 25327
24786 18020
24793 37814
24804 14659
24817 46863
24847 34383
24860 41096
24873 25703
24875 35952
24887 32687
24891 48350
24899 13109
24901 36114
24905 42841
24918 24465
24938 25475
24965 39553
24966 20187
24967 47640
24971 12894
24977 21617
24979 14132
24993 28754
25008 49234
25012 22992
25019 22879
25033 16608
25039 49988
25042 39013
25043 29308
25045 18044
25057 15531
25087 13178
25093 27354
25109 33743
25127 19778
25131 37603
25143 17497
25148 15561
25162 11786
25168 14356
25186 15063
25190 35681
25200 19863
25214 37143
25223 27054
25224 29121
25226 12747
25260 29795
25289 23564
25306 32493
25322 34728
25327 24785
25332 32178
25343 19354
25352 28553
25380 31779
25395 32578
25399 40110
25418 34968
25429 49212
25439 18468
25448 16195
25452 20945
25455 29162
25475 24938
25478 32504
25487 28246
25505 19729
25524 23728
25538 31530
25540 19267
25546 40818
25547 16102
25561 29688
25562 13497
25566 13383
25584 24648
25589 26480
25597 20173
25612 17266
25613 28359
25640 29701
25642 36979
25676 20965
25699 16495
25703 24873
25707 34447
25721 16355
25726 29911
25729 29861
25739 31334
25744 27600
25761 14262
25766 28192
25779 26512
25782 48274
25805 18966
25812 27529
25816 52111
25827 11589
25867 52045
25872 17349
25891 11572
25892 19686
25893 50171
25895 46113
25907 41608
25926 41136
25936 13817
25948 24416
25950 40959
25968 32045
25978 30610
25987 33923
26001 50404
26013 22239
26073 37153
26082 40568
26085 18503
26089 40596
26094 14078
26114 48282
26126 30018
26146 28170
26153 26225
26163 39454
26172 23149
26181 38740
26183 19165
26191 14633
26200 48842
26201 24229
26207 22132
26225 26153
26247 28526
26250 14143
26262 37762
26263 17664
26269 48481
26270 12740
26271 13580
26272 15470
26285 27180
26291 30445
26294 13375
26308 46374
26346 36620
26348 43661
26360 35108
26361 33909
26362 19877
26368 50580
26369 38448
26372 45271
26389 35798
26392 38226
26407 22860
26415 35134
26418 46760
26429 33901
26436 21589
26443 17153
26452 13333
26464 28581
26480 25589
26491 43905
26509 44290
26512 25779
26538 29464
26544 34079
26563 32749
26568 31279
26575 38647
26582 31336
26597 18683
26608 32556
26615 16287
26620 27393
26621 35139
26632 54398
26641 15715
26656 33683
26689 24126
26702 31823
26704 52483
26710 17509
26711 33558
26717 47786
26748 20403
26757 31268
26778 19004
26788 33484
26793 30257
26805 40445
26811 14757
26826 41156
26827 40250
26849 35877
26854 14831
26864 44296
26867 41878
26875 45393
26879 30072
26886 14992
26892 13860
26893 21379
26903 33148
26915 23072
26920 29912
26927 35005
26928 28266
26929 30416
26936 13779
26950 33932
26957 31562
26958 21809
26982 28087
26989 40663
27010 39099
27030 30846
27041 23205
27054 25223
27057 37968
27060 18778
27077 27477
27082 20159
27090 19668
27127 20260
27134 50456
27137 47425
27146 31458
27149 13807
27166 23129
27174 34276
27180 26285
27188 17160
27206 30334
27207 24639
27217 18504
27232 40130
27241 22698
27249 21126
27253 45864
27255 11540
27265 28973
27270 34216
27275 19441
27292 29390
27294 32491
27325 22678
27345 47063
27354 25093
27355 34674
27359 23646
27373 41641
27393 26620
27412 21683
27422 18294
27424 15835
27425 36764
27426 34913
27430 29886
27438 28252
27477 27077
27488 34672
27508 46206
27511 15435
27521 17951
27523 19563
27524 40161
27529 25812
27531 22002
27534 37978
27538 13914
27542 12281
27545 32901
27546 33696
27566 32624
27570 43562
27580 42104
27587 33595
27603 20807
27616 36134
27618 30073
27630 39401
27649 15511
27650 29847
27663 12395
27670 14455
27704 19604
27718 32938
27726 48832
27745 30771
27777 42475
27789 34214
27805 22644
27826 23167
27832 19466
27842 16422
27845 39504
27846 40337
27856 19526
27878 15943
27886 20027
27892 47678
27893 46747
27895 46154
27901 47590
27918 34211
27932 49845
27937 44009
27961 37258
27962 38121
27974 36792
28004 12690
28017 12697
28021 22932
28033 40706
28060 46784
28061 50529
28064 34304
28066 24380
28074 11901
28087 26982
28090 41518
28091 16934
28097 17339
28116 20703
28132 30529
28141 44906
28142 31453
28165 50318
28168 21388
28170 26146
28184 24595
28187 32301
28192 25766
28200 15612
28220 30264
28222 43062
28224 20704
28235 23733
28239 12993
28240 30332
28246 25487
28248 41443
28252 27438
28260 19313
28266 26928
28299 45331
28304 31895
28316 28946
28333 14410
28359 25613
28373 48715
28381 17039
28387 30365
28388 24322
28396 34663
28408 36483
28421 15337
28423 20376
28426 48334
28434 11398
28435 38238
28450 50986
28453 34979
28456 39853
28465 23522
28466 24627
28475 23561
28486 59026
28504 35582
28510 22683
28526 26247
28546 31030
28553 25352
28561 22956
28566 34812
28581 26464
28582 31742
28584 20134
28596 49163
28608 46975
28626 15907
28640 35432
28648 48817
28649 23034
28718 17333
28732 32673
28740 19527
28742 48587
28744 12098
28752 13436
28759 40968
28830 40932
28885 16828
28895 39760
28905 31322
28926 36270
28927 16704
28930 40108
28946 28316
28973 27265
28976 18624
28982 15232
28984 28985
28985 28984
28988 35441
28997 33151
29028 32719
29043 13825
29044 17765
29045 15348
29059 47016
29065 13840
29082 39979
29090 40734
29091 21241
29105 41376
29108 40782
29114 36248
29120 21196
29121 25224
29125 16878
29139 40533
29155 20670
29161 21100
29162 25455
29178 12547
29188 48783
29195 32728
29212 17901
29213 21342
29226 42125
29227 49403
29228 29564
29229 24332
29232 46255
29253 47345
29258 21087
29261 32445
29285 37398
29299 18665
29304 14070
29305 37753
29306 14500
29308 25043
29321 48135
29344 20389
29364 31289
29369 40490
29371 48165
29381 20695
29390 27292
29393 12830
29404 38444
29423 19979
29429 32094
29451 20806
29464 26538
29467 16892
29481 20574
29486 21526
29524 44573
29525 26586
29532 43986
29542 49986
29564 29228
29567 32506
29577 37530
29630 15132
29657 35606
29661 53857
29663 56984
29664 18948
29684 30543
29688 25561
29699 15066
29701 25640
29705 38594
29708 31794
29711 23914
29715 54669
29782 15046
29789 19326
29793 49960
29797 40832
29801 38684
29804 33333
29821 19002
29827 38337
29841 14838
29847 27650
29852 29903
29853 19153
29861 25729
29865 19334
29886 27430
29895 50076
29903 29852
29911 25726
29912 26920
29943 13147
29955 13841
29969 46871
29976 35727
30001 30918
30018 26126
30029 21473
30044 11332
30047 11918
30051 15749
30060 18991
30065 49733
30069 45392
30072 26879
30073 27618
30074 22801
30077 20441
30086 44856
30126 17217
30127 19064
30131 17269
30133 47373
30141 34380
30145 40171
30160 23395
30199 20682
30225 16199
30237 24530
30238 43929
30241 47152
30247 13469
30248 49559
30264 28220
30265 12107
30269 29345
30282 37886
30298 15025
30321 48889
30332 28240
30334 27206
30337 46151
30342 19232
30345 30886
30346 40746
30352 18134
30361 24377
30365 28387
30367 34316
30380 14777
30391 22088
30403 22958
30445 26291
30465 11429
30478 43658
30501 39456
30516 12779
30522 12780
30529 28132
30543 29684
30551 14936
30560 13639
30562 33243
30567 34792
30573 42541
30585 23288
30593 23685
30594 37985
30610 25978
30624 35564
30627 33315
30649 15824
30657 34543
30663 16095
30674 38880
30681 16269
30713 45416
30723 39322
30732 34965
30736 14179
30766 43064
30771 27745
30794 37449
30797 46972
30809 21160
30814 16708
30816 32709
30825 16666
30829 36165
30844 34468
30846 27030
30849 21737
30862 33770
30866 50584
30883 33153
30886 30345
30897 31309
30923 46021
30957 37992
30963 14797
30964 11874
30967 17076
30969 24264
30972 32307
30999 18027
31004 14980
31030 28546
31036 20778
31049 35086
31070 39872
31073 49013
31086 51391
31105 46877
31108 31401
31116 34127
31151 45398
31169 21194
31170 15964
31174 17808
31177 23254
31184 19651
31202 24694
31258 21824
31263 38677
31268 26757
31279 26568
31288 23057
31289 29364
31309 30897
31318 18785
31322 28905
31323 16868
31326 22535
31336 26582
31340 23304
31352 32523
31371 17440
31386 39657
31401 31108
31403 58559
31404 15560
31418 34480
31429 46728
31434 34565
31448 12493
31452 41714
31453 28142
31455 14396
31458 27146
31473 32406
31474 20978
31496 46883
31502 12124
31512 14742
31530 25538
31533 12871
31540 40165
31548 22194
31556 39133
31562 26957
31571 21070
31587 16240
31591 16209
31612 16441
31620 22852
31633 12616
31641 39418
31653 34453
31663 18649
31680 33524
31681 42113
31741 32495
31742 28582
31743 44247
31755 42606
31779 25380
31783 34151
31786 44675
31793 14295
31794 29708
31806 40187
31809 43151
31810 21199
31812 48711
31823 26702
31874 31982
31882 19952
31887 36071
31895 28304
31908 39257
31916 38752
31925 42648
31928 17852
31935 34704
31936 38705
31953 13637
31959 13874
31964 43339
31971 16979
31981 23014
31982 31874
31984 33455
31996 13336
32001 17295
32004 18889
32005 13964
32012 37725
32016 13069
32035 39531
32045 25968
32072 20963
32075 42913
32079 11389
32092 36959
32094 29429
32111 47169
32128 35202
32145 41022
32158 35355
32162 13377
32163 13141
32213 33371
32259 37448
32284 11871
32296 22690
32301 28187
32307 30972
32309 33609
32310 40811
32319 39753
32336 36206
32351 18449
32375 19971
32386 40515
32390 20936
32396 14021
32400 47379
32406 31473
32410 14688
32433 18995
32445 29261
32447 13796
32464 48036
32466 38583
32491 27294
32493 25306
32495 31741
32504 25478
32505 39973
32514 35200
32520 35260
32523 31352
32551 34561
32556 26608
32575 45740
32578 25395
32599 13244
32604 49151
32618 35964
32623 41172
32624 27566
32627 15032
32664 17250
32673 28732
32678 37825
32687 24887
32709 30816
32719 29028
32728 29195
32732 34916
32749 26563
32755 53961
32756 16154
32773 21850
32776 46024
32789 32898
32808 15699
32833 16171
32841 51215
32854 52845
32890 37973
32898 32789
32900 14574
32901 27545
32905 37357
32919 18623
32935 36397
32948 22894
32962 15906
32963 39714
32964 22158
32967 36882
32973 34559
33021 37085
33029 20553
33040 40500
33083 23731
33093 17578
33096 15386
33099 15750
33117 24629
33138 47662
33141 46736
33144 40970
33148 26903
33153 30883
33154 17472
33155 17918
33162 44523
33174 23426
33195 12209
33200 21665
33203 21883
33214 33838
33237 47517
33243 30562
33263 46516
33265 21780
33284 21110
33295 46456
33305 44875
33315 30627
33323 36995
33326 20862
33333 29804
33352 13708
33354 39030
33367 35129
33371 32213
33383 48541
33388 35781
33414 39642
33425 14264
33433 33781
33447 23867
33455 31984
33475 35488
33481 18796
33484 26788
33509 24551
33517 19627
33519 33396
33520 20931
33524 31680
33531 45225
33545 38663
33558 26711
33563 34341
33592 45880
33595 27587
33609 32309
33619 23963
33621 47810
33639 16862
33658 24052
33681 41532
33683 26656
33688 16262
33692 18651
33696 27546
33706 34487
33725 42715
33738 34287
33740 18735
33743 25109
33752 18445
33769 16530
33770 30862
33775 15488
33781 33433
33791 35452
33808 22018
33825 22244
33838 33214
33873 45090
33909 26361
33918 42507
33923 25987
33932 26950
33941 41977
33974 42036
33997 23798
34001 19712
34005 35656
34010 12144
34023 41659
34032 23303
34057 12430
34067 38797
34079 26544
34082 12429
34112 49225
34124 38303
34127 31116
34137 41128
34151 31783
34166 24580
34175 18059
34211 27918
34214 27789
34216 27270
34231 21673
34233 39002
34234 36126
34238 46076
34248 51648
34267 45474
34272 12138
34276 27174
34287 33738
34290 35785
34304 28064
34316 30367
34320 50055
34322 34775
34325 23933
34337 22578
34341 33563
34358 12569
34375 12953
34376 44561
34380 30141
34383 24847
34386 18987
34390 39437
34392 24397
34406 17854
34411 47484
34421 44954
34436 49550
34443 52646
34446 18173
34447 25707
34453 31653
34456 20364
34468 30844
34480 31418
34487 33706
34515 38898
34520 53607
34523 45731
34543 30657
34559 32973
34561 32551
34565 31434
34573 22673
34574 37324
34579 24028
34603 24136
34620 15094
34626 21391
34630 12785
34631 42081
34637 17187
34648 16612
34652 43298
34658 48133
34663 28396
34672 27488
34674 27355
34678 41800
34704 31935
34722 40872
34741 11861
34745 35631
34753 14465
34758 36564
34765 49256
34767 15074
34775 34322
34792 30567
34810 38385
34812 28566
34822 38224
34834 20568
34845 38576
34854 41774
34880 19407
34901 36456
34909 13812
34910 41231
34913 27426
34916 32732
34922 14193
34964 13510
34965 30732
34968 25418
34976 20861
34979 28453
34985 37277
34991 51474
35005 26927
35010 20710
35019 36170
35021 23709
35030 28656
35033 50903
35042 14914
35065 13665
35066 12346
35075 22732
35082 18075
35086 31049
35108 26360
35114 13592
35121 42887
35122 11711
35125 23961
35129 33367
35139 26621
35162 35695
35163 21274
35205 51843
35230 39314
35231 18414
35242 22911
35257 30050
35260 32520
35285 18831
35316 47918
35352 18013
35354 37315
35355 32158
35366 15523
35374 37609
35413 51258
35416 16628
35422 12926
35426 22968
35427 24541
35434 18570
35440 20033
35455 43040
35488 33475
35525 37752
35529 17006
35564 30624
35578 20149
35582 28504
35616 22697
35631 34745
35634 21888
35646 36495
35651 12441
35654 18480
35695 35162
35717 48079
35727 29976
35733 42288
35736 11355
35743 45792
35767 17465
35772 48811
35781 33388
35785 34290
35798 26389
35831 16910
35865 16638
35877 26849
35882 55050
35899 19726
35922 16564
35924 13011
35932 48845
35935 39943
35936 21601
35952 24875
35964 32618
35968 14520
35970 42439
35972 11640
35981 18191
36042 13412
36071 31887
36072 19412
36076 13621
36114 24901
36161 23025
36165 30829
36170 35019
36194 19650
36206 32336
36234 42982
36235 20526
36244 23127
36248 29114
36250 20652
36262 18367
36264 13423
36270 28926
36271 13756
36279 45305
36288 12208
36303 39643
36313 22419
36323 41859
36330 35961
36361 19331
36364 12888
36383 21990
36397 32935
36404 23738
36406 23540
36407 21887
36411 36779
36433 39376
36434 38406
36441 41576
36444 18496
36454 36887
36456 34901
36466 23504
36469 45171
36479 37402
36497 23799
36511 17769
36515 43933
36518 44456
36554 37002
36564 34758
36580 13506
36617 19643
36620 26346
36687 16037
36707 15391
36730 13025
36735 21766
36764 27425
36770 13861
36773 41877
36779 36411
36781 13113
36792 27974
36796 40201
36807 38074
36816 45555
36823 39656
36840 17485
36843 41253
36875 11476
36882 32967
36885 24722
36887 36454
36911 37465
36927 45622
36940 47356
36959 32092
36979 25642
37002 36554
37016 39463
37021 11654
37063 44427
37085 33021
37091 47395
37092 14056
37100 45701
37123 17813
37153 26073
37176 42045
37196 19991
37209 13224
37211 52446
37228 39630
37244 38096
37258 27961
37273 15159
37277 34985
37279 40921
37298 53516
37303 12308
37315 35354
37319 38015
37324 34574
37327 21256
37371 21021
37398 29285
37402 36479
37445 45693
37448 32259
37449 30794
37451 37891
37465 36911
37481 16860
37483 38306
37503 14607
37511 39482
37531 23131
37568 45302
37576 42769
37584 41749
37603 25131
37604 37666
37605 15332
37609 35374
37614 45181
37618 43020
37630 22849
37632 15656
37644 16312
37664 38744
37666 37604
37723 20030
37725 32012
37734 39594
37749 47342
37752 35525
37753 29305
37754 22495
37778 21812
37806 11392
37814 24793
37816 14403
37825 32678
37848 51229
37861 12310
37886 30282
37891 37451
37916 25299
37922 12064
37931 17962
37947 14626
37950 22941
37985 30594
37992 30957
38015 37319
38030 51819
38045 39505
38077 40778
38096 37244
38117 14038
38131 41170
38133 15475
38137 11273
38153 14576
38174 40952
38180 12510
38195 19478
38210 11489
38224 34822
38226 26392
38229 13102
38238 28435
38255 17348
38266 47521
38287 17882
38297 51600
38303 34124
38306 37483
38326 24500
38336 31584
38337 29827
38349 24390
38355 21479
38371 38908
38385 34810
38406 36434
38408 46794
38409 20223
38444 29404
38448 26369
38471 15111
38504 16970
38518 11911
38538 15097
38539 25516
38561 41468
38566 13307
38576 34845
38583 32466
38593 11705
38594 29705
38608 21311
38643 23471
38647 26575
38663 33545
38677 31263
38684 29801
38701 39372
38702 14227
38705 31936
38729 13316
38740 26181
38744 37664
38752 31916
38766 42264
38786 20750
38797 34067
38804 34491
38817 15767
38836 48411
38842 18106
38878 11535
38880 30674
38881 21545
38896 15244
38898 34515
38908 38371
38942 44632
38945 23111
38951 20665
38960 23558
38977 19644
38979 16827
39000 15616
39002 34233
39013 25042
39024 17068
39035 49276
39043 13275
39099 27010
39109 41413
39123 37911
39133 31556
39188 15685
39257 31908
39300 47612
39311 43180
39313 14981
39314 35230
39355 24359
39365 12391
39372 38701
39376 36433
39383 46088
39410 14081
39418 31641
39427 49450
39437 34390
39449 19529
39454 26163
39456 30501
39463 37016
39468 15791
39482 37511
39484 14047
39504 27845
39505 38045
39531 32035
39553 24965
39555 45157
39567 20261
39578 18552
39588 22604
39594 37734
39630 37228
39634 36514
39642 33414
39643 36303
39656 36823
39657 31386
39664 23857
39676 14952
39680 41345
39692 18302
39696 12593
39714 32963
39715 41827
39753 32319
39760 28895
39779 46775
39786 15374
39841 47224
39853 28456
39865 24409
39867 19684
39871 13669
39872 31070
39879 24204
39893 48501
39901 17224
39908 26791
39943 35935
39961 55961
39973 32505
39979 29082
40018 43688
40046 12377
40054 23437
40061 42579
40080 46508
40093 16789
40108 28930
40110 25399
40130 27232
40158 40876
40161 27524
40165 31540
40187 31806
40197 40199
40199 40197
40201 36796
40203 43271
40205 15863
40208 40287
40211 17270
40222 15252
40228 13526
40231 49537
40249 41954
40250 26827
40256 17301
40284 48100
40287 40208
40301 22309
40325 15598
40337 27846
40341 16536
40346 22486
40390 20800
40457 45419
40461 43188
40490 29369
40499 12836
40515 32386
40530 20356
40533 29139
40546 16750
40568 26082
40572 23995
40574 20964
40580 49955
40596 26089
40613 41645
40626 42322
40663 26989
40667 57530
40699 48625
40706 28033
40717 22972
40719 20891
40734 29090
40746 30346
40778 38077
40782 29108
40794 15877
40811 32310
40815 19702
40818 25546
40832 29797
40833 43458
40838 22953
40850 40433
40852 41904
40863 15805
40872 34722
40876 40158
40886 45457
40901 19730
40920 47591
40921 37279
40929 20787
40932 28830
40943 15658
40946 50426
40952 38174
40968 28759
41007 45122
41009 42087
41022 32145
41039 17271
41065 47914
41074 11515
41096 24860
41100 22794
41128 34137
41136 25926
41142 17310
41146 14789
41156 26826
41166 20075
41170 38131
41172 32623
41179 23679
41192 49498
41217 17112
41231 34910
41232 24056
41238 20009
41321 22450
41338 48800
41345 39680
41376 29105
41408 51684
41413 39109
41443 28248
41450 44708
41468 38561
41518 28090
41520 24150
41532 33681
41539 11976
41541 23606
41576 36441
41607 19812
41608 25907
41615 24736
41635 13559
41638 50146
41639 44150
41641 27373
41642 23019
41645 40613
41659 34023
41668 23476
41714 31452
41720 11643
41729 21631
41741 11805
41744 42512
41749 37584
41774 34854
41777 17045
41787 18730
41800 34678
41809 44117
41827 39715
41832 48223
41835 13283
41837 46350
41849 23849
41854 17079
41859 36323
41860 18071
41871 48280
41877 36773
41878 26867
41904 40852
41918 46578
41927 21376
41970 17230
41977 33941
41978 17768
41981 16105
42036 33974
42045 37176
42076 24097
42081 34631
42104 27580
42110 24528
42113 31681
42125 29226
42132 20938
42138 24116
42150 13912
42166 16431
42175 19298
42219 45563
42246 43866
42267 22711
42274 42940
42288 35733
42313 46936
42322 40626
42351 30801
42373 22647
42428 23190
42430 14432
42439 35970
42453 30296
42475 27777
42488 44259
42507 33918
42512 41744
42539 50480
42541 30573
42565 17198
42568 18163
42574 19321
42579 40061
42606 31755
42648 31925
42707 11435
42710 19841
42715 33725
42725 12187
42729 16403
42733 46648
42758 23107
42769 37576
42807 17299
42841 24905
42852 51328
42874 31470
42887 35121
42905 16900
42913 32075
42940 42274
42982 36234
43004 17336
43007 12503
43012 19461
43020 37618
43026 21172
43040 35455
43057 19834
43061 20769
43062 28222
43064 30766
43088 24753
43099 16655
43135 15640
43151 31809
43153 24550
43180 39311
43182 20131
43188 40461
43201 20090
43211 16642
43222 49053
43271 40203
43279 22589
43291 46914
43298 34652
43339 31964
43359 17371
43382 19391
43458 40833
43460 17208
43473 19138
43474 23979
43535 16099
43557 18863
43571 45504
43653 45089
43658 30478
43661 26348
43667 11691
43688 40018
43803 20994
43866 42246
43902 14337
43905 26491
43906 46198
43919 21516
43929 30238
43933 36515
43947 16908
43979 13568
43984 14011
43989 24483
44009 27937
44015 13358
44071 19666
44080 19605
44117 41809
44150 41639
44177 50842
44247 31743
44259 42488
44266 12236
44290 26509
44296 26864
44312 18577
44350 12460
44360 14857
44365 13960
44378 15608
44427 37063
44439 18621
44440 50668
44456 36518
44457 23869
44470 19400
44475 14806
44504 17084
44523 33162
44546 13243
44561 34376
44573 29524
44632 38942
44675 31786
44708 41450
44760 45449
44805 13886
44856 30086
44871 22970
44875 33305
44903 19327
44906 28141
44954 34421
45009 46424
45045 16254
45050 24382
45053 12622
45089 43653
45090 33873
45111 14696
45118 50373
45122 41007
45135 15250
45157 39555
45166 46731
45171 36469
45181 37614
45225 33531
45259 53282
45271 26372
45302 37568
45305 36279
45331 28299
45377 21414
45392 30069
45398 31151
45416 30713
45419 40457
45449 44760
45457 40886
45462 33366
45474 34267
45504 43571
45533 18711
45539 17570
45555 36816
45563 42219
45578 22169
45586 48049
45622 36927
45650 12173
45654 23146
45701 37100
45705 22075
45731 34523
45740 32575
45751 12418
45757 14948
45792 35743
45834 25716
45864 27253
45886 11894
45919 21696
45934 13791
45958 12663
46021 30923
46024 32776
46076 34238
46088 39383
46113 25895
46123 13800
46151 30337
46154 27895
46198 43906
46206 27508
46212 16362
46237 51919
46250 53267
46255 29232
46306 23804
46327 19509
46338 12307
46374 26308
46384 24140
46424 45009
46456 33295
46508 40080
46516 33263
46546 13271
46548 14001
46578 41918
46610 12393
46622 16781
46648 42733
46704 36592
46728 31429
46731 45166
46736 33141
46747 27893
46750 21825
46752 18931
46760 26418
46772 12620
46775 39779
46784 28060
46789 12009
46793 11447
46794 38408
46854 15143
46863 24817
46865 21237
46871 29969
46883 31496
46909 22352
46914 43291
46936 42313
46948 17926
46972 30797
46975 28608
47004 63618
47016 29059
47038 15284
47063 27345
47119 18465
47121 16048
47152 30241
47169 32111
47212 20352
47219 24306
47224 39841
47241 19830
47278 20341
47316 23884
47317 48172
47342 37749
47345 29253
47356 36940
47373 30133
47379 32400
47395 37091
47401 12701
47425 27137
47439 11728
47458 24446
47484 34411
47516 17702
47517 33237
47521 38266
47590 27901
47591 40920
47626 52337
47640 24967
47652 16317
47662 33138
47678 27892
47783 14557
47786 26717
47798 29279
47810 33621
47889 21994
47914 41065
47918 35316
47942 12324
47982 23294
48013 13948
48036 32464
48049 45586
48057 50738
48082 55165
48100 40284
48101 14960
48133 34658
48135 29321
48165 29371
48172 47317
48223 41832
48274 25782
48280 41871
48282 26114
48334 28426
48336 16491
48349 19553
48350 24891
48411 38836
48435 19996
48462 19856
48481 26269
48501 39893
48541 33383
48587 28742
48625 40699
48647 15379
48650 46010
48711 31812
48715 28373
48783 29188
48792 13081
48800 41338
48811 35772
48817 28648
48832 27726
48840 15935
48842 26200
48845 35932
48889 30321
48937 16945
48956 51732
48973 18464
49013 31073
49053 43222
49070 16690
49151 32604
49163 28596
49180 12238
49212 25429
49225 34112
49234 25008
49256 34765
49276 39035
49287 14332
49323 11534
49440 14404
49450 39427
49498 41192
49550 34436
49559 30248
49687 51407
49711 14490
49733 30065
49766 11669
49784 21686
49843 15751
49845 27932
49902 30136
49912 18791
49955 40580
49986 29542
49988 25039
50004 20974
50076 29895
50105 18728
50118 14668
50127 23141
50146 41638
50162 13216
50171 25893
50254 13991
50318 28165
50373 45118
50404 26001
50421 17589
50426 40946
50456 27134
50475 13913
50480 42539
50527 53230
50529 28061
50584 30866
50661 21530
50668 44440
50738 48057
50804 14510
50842 44177
50903 35033
50986 28450
51023 21485
51117 21077
51215 32841
51229 37848
51258 35413
51328 42852
51398 18626
51407 49687
51595 19135
51600 38297
51617 13646
51648 34248
51670 24047
51684 41408
51732 48956
51819 38030
51843 35205
51900 12477
51919 46237
51950 22482
52045 25867
52111 25816
52311 13123
52337 47626
52446 37211
52468 52725
52546 17826
52646 34443
52697 24489
52725 52468
52845 32854
53015 21741
53230 50527
53267 46250
53282 45259
53607 34520
53759 21886
53857 29661
53874 14738
53923 22149
53961 32755
54398 26632
54531 21486
54656 24398
54669 29715
54782 13041
54934 20361
55050 35882
55165 48082
55701 13770
55961 39961
56646 15180
56898 24456
56984 29663
57530 40667
58559 31403
59026 28486
63618 47004
