41 1951
105 1452
109 2095
130 2233
132 673
144 2274
165 2335
177 2471
184 1499
189 1076
201 1695
203 2481
206 1591
230 582
235 1436
238 610
240 1117
245 2120
257 2082
274 1798
292 2476
296 2207
300 731
307 914
310 1011
323 455
325 1264
326 1486
334 1029
338 471
344 849
345 1136
348 2061
354 1659
358 371
360 616
370 591
378 544
389 1828
390 422
405 1335
426 831
428 2355
439 1415
441 1330
451 660
456 2042
458 1200
461 1120
470 858
480 833
485 2094
486 1030
487 966
498 2069
504 1889
526 753
527 1935
536 1236
555 2502
556 1221
559 1306
588 2563
605 1785
612 1807
617 1026
627 1047
635 1954
639 1572
649 1564
674 890
678 1252
696 755
712 1888
716 978
735 1880
738 1505
746 1553
748 2347
759 2409
764 1641
767 925
777 1244
786 2390
789 1225
819 1740
829 1485
837 1394
841 1670
854 1067
856 1905
874 3032
886 1531
891 1715
907 1903
917 1151
925 767
926 1461
929 2242
967 1598
976 2212
978 716
983 2272
1000 2683
1064 1802
1067 854
1073 2405
1077 1957
1086 1840
1103 1299
1126 2501
1133 1928
1141 1316
1151 917
1157 1567
1189 2420
1193 1942
1199 1504
1201 1660
1209 1894
1211 1853
1217 2628
1219 1788
1226 2427
1241 1261
1244 777
1261 1241
1275 1891
1299 1103
1316 1141
1323 2352
1325 1342
1336 1959
1342 1325
1363 1805
1364 1574
1383 1488
1384 835
1394 837
1395 2087
1401 1896
1417 2418
1427 2047
1455 2107
1461 926
1471 1795
1481 1635
1485 829
1488 1383
1504 1199
1505 738
1531 886
1553 746
1574 1364
1576 1832
1586 1697
1597 1930
1598 967
1605 2265
1635 1481
1636 2004
1641 764
1660 1201
1668 2526
1670 841
1688 2302
1697 1586
1711 2177
1715 891
1740 819
1777 1900
1788 1219
1795 1471
1802 1064
1803 2153
1805 1363
1853 1211
1855 1881
1880 735
1881 1855
1888 712
1891 1275
1896 1401
1900 1777
1903 907
1908 2275
1918 2057
1928 1133
1957 1077
1959 1336
2004 1636
2024 2213
2047 1427
2048 2416
2057 1918
2058 2276
2077 2542
2087 1395
2107 1455
2141 2704
2153 1803
2212 976
2213 2024
2235 2273
2242 929
2265 1605
2272 983
2273 2235
2275 1908
2276 2058
2302 1688
2352 1323
2390 786
2405 1073
2409 759
2416 2048
2418 1417
2420 1189
2427 1226
2453 2547
2501 1126
2542 2077
2547 2453
2628 1217
2704 2141
3032 874
