2788.756592 63.010242
4907.792480 56.691601
4610.955566 74.871765
3259.588867 62.191845
4466.890625 143.298035
4274.671875 84.573975
3893.868652 151.747391
4005.114746 72.944702
3271.606689 90.416496
3359.498291 101.242012
2877.808105 58.668430
2759.562744 199.668381
1721.267334 76.697975
3125.346680 79.483826
2604.525391 64.420807
2656.793213 139.469360
2785.782227 143.715134
3440.486084 59.061272
1553.314575 75.284889
2221.803223 66.672249
1060.571167 64.671417
2348.872803 50.499107
1734.873413 173.348755
2405.080811 207.012100
1192.440796 97.093979
2282.142578 188.116150
2261.847168 134.761734
822.640198 74.504570
1525.867676 86.957047
1101.834229 127.101753
1071.002808 136.838333
2004.847290 50.174259
2059.829590 94.757088
2344.167480 51.366444
1411.489746 61.738293
949.344849 54.783978
2102.933594 71.377541
1677.971069 52.795696
1601.847534 120.544716
1787.364014 191.795090
1901.814087 51.726734
1968.698486 63.805786
1495.635620 58.427288
2079.143066 299.974609
1978.863525 51.442978
1719.379761 144.173981
932.868652 89.210747
1504.690796 51.405731
2096.623047 84.218025
1660.068237 56.070271
1856.077026 177.857697
1272.887451 90.700737
1726.505737 59.372303
947.347595 55.141891
843.591675 101.022926
633.633850 57.261402
1784.340942 62.108189
1922.939331 95.747566
1099.239380 93.843292
1085.788208 67.012611
730.443298 147.741714
1720.963501 54.857471
1731.855225 70.418777
1278.194214 66.884010
1463.539551 57.447426
1425.966064 273.592957
1759.422852 120.748466
1267.206543 70.511261
1703.543701 62.007900
1194.137207 66.231613
1124.922363 101.872528
1890.522461 59.643036
1732.219238 70.893951
541.614990 50.518852
1273.891357 53.629215
1457.282227 53.167225
1359.052368 62.087399
828.646606 50.470127
1149.943726 77.587830
1156.571167 65.886436
942.375488 65.705475
1595.747925 127.542450
1399.453979 686.616821
1518.417480 182.970352
1183.703125 51.664528
1297.199585 61.448662
1456.065674 130.609894
1044.112793 62.247398
795.566772 138.222809
1532.367920 202.535995
1150.647339 99.770073
1007.134888 55.523678
1206.761963 83.413589
1064.349243 52.513103
872.623718 62.526928
1366.022827 124.534378
624.374207 85.234413
1304.881226 179.583420
807.355103 107.173782
846.820740 182.396225
1187.040527 63.150944
1026.249268 89.419334
1371.562622 72.180969
1106.026855 69.123039
1163.961182 181.956451
1212.778931 158.668900
1273.104980 82.518982
476.339874 59.161598
402.806946 59.389790
935.203857 58.415749
1040.097778 126.923676
1211.887573 95.307182
1211.728149 83.002472
788.834961 53.049686
768.165588 64.221298
1084.126953 71.445473
832.563477 85.769966
1063.727051 61.314056
1051.452637 101.239723
1103.786011 242.730606
266.384857 102.367386
1038.196777 53.288246
288.080994 345.918335
913.081787 82.253105
1028.653076 57.061871
1256.027100 109.831589
1147.623047 69.230270
1158.023438 178.896301
1168.041626 56.694588
1246.217529 108.251167
976.487793 157.497635
1140.269409 67.512733
668.535950 67.646034
807.820801 78.258217
1009.809082 106.219543
1207.288574 58.634052
755.003662 223.636948
1121.401611 307.580414
1037.477783 176.887817
1097.701416 108.976196
739.626709 70.230988
977.711670 134.165222
606.400085 76.524292
1124.682861 54.300068
1214.102661 104.646858
1169.966553 146.506012
682.024292 62.261463
1186.232910 68.811806
846.369019 50.658340
959.827759 144.761658
698.111206 219.253555
1051.471191 54.615498
1166.292114 147.094437
890.272400 86.569641
711.438416 186.395615
722.610779 72.622070
822.301880 62.089481
863.715454 117.683403
1152.363281 64.642532
1133.966187 102.747086
934.314087 50.583153
498.164673 54.162563
349.712067 150.853546
1125.073608 65.627121
981.710327 64.385590
676.159302 127.174911
1006.797607 138.601883
371.898773 153.079910
894.496643 56.945343
769.131287 147.091858
402.909698 95.382942
836.168518 75.704086
729.467834 61.059391
987.562195 61.947159
861.075623 66.022087
1031.261475 81.362701
764.067078 160.443222
760.484009 56.529541
693.421875 78.174149
939.904480 69.146629
494.776764 112.601715
888.741211 54.061378
885.202759 73.850197
922.296387 65.774872
908.551880 57.234909
835.952698 65.805885
881.897217 112.217743
924.347595 81.345726
843.677429 148.462753
1061.481201 53.182552
959.610291 106.007919
695.471924 371.568420
825.625977 171.432526
778.234070 70.054680
469.529633 79.368568
780.839050 50.005646
978.290955 60.158100
899.317810 56.413273
551.562622 172.855576
759.121277 76.419327
907.465027 72.023712
878.952515 60.564491
700.988770 53.365883
440.760529 306.038635
664.965576 67.791466
707.610657 93.772980
710.852417 53.057335
867.451843 151.627014
1010.496704 60.903435
959.250549 59.163483
835.531860 58.869705
779.664612 151.900360
848.988953 142.033478
1031.011597 75.230057
866.669373 50.685677
902.893921 79.573174
985.306030 85.348572
368.435333 349.779999
849.700317 121.135201
892.344910 55.809978
891.454956 136.803497
648.576599 86.413063
748.944824 56.310513
589.074890 78.009369
893.360901 80.480026
794.428284 51.991474
938.097229 58.991737
654.085083 81.651482
656.488586 98.080673
957.887634 64.273438
805.605957 54.067936
816.969299 53.530411
884.533508 76.904732
685.580933 57.165997
497.024384 277.145752
772.029663 284.783905
667.368103 56.689724
668.092407 174.829926
699.236206 59.256699
840.908142 96.433266
623.517456 65.166321
736.627991 211.226974
795.558716 83.573692
828.051575 188.150314
306.782593 203.008133
616.437439 93.931572
416.251831 81.027718
693.327698 63.122253
512.121399 196.224350
487.274445 118.916885
806.973633 72.417908
798.766541 62.920818
683.682373 57.772984
476.495148 77.610077
733.103027 62.274166
358.563202 146.358704
679.860718 112.151665
516.605225 114.988411
602.912292 71.454422
596.988770 308.511871
722.332397 114.034149
755.101013 101.491035
520.529846 80.904083
787.412903 69.813622
540.799927 55.971161
402.976837 157.642227
563.500916 78.698723
659.988647 176.179688
438.060944 54.945705
791.624023 53.689247
710.803040 57.072803
652.886230 109.197525
699.310425 63.034069
541.868713 276.861389
766.421143 178.045029
827.312317 54.969257
265.899231 88.149956
889.087463 235.452545
556.519104 71.819984
761.866943 99.684273
585.786560 114.817413
743.644836 61.788406
675.905029 71.178001
712.279053 75.441704
439.312988 68.527756
695.442810 75.467094
790.702332 224.595657
577.179932 52.193615
559.450500 88.526237
732.225403 149.532196
617.532288 85.513733
663.320862 51.875530
561.648743 77.511368
625.141968 62.761879
593.489258 125.902985
560.785645 54.150269
702.750977 314.038635
399.132141 132.204742
632.636230 180.730225
636.518188 149.222534
621.984314 101.764748
599.665466 75.668716
699.079163 97.556870
796.326233 72.860420
686.746399 99.382736
456.090668 57.194691
698.158203 150.901718
477.761627 106.376167
692.648621 62.729240
836.712891 182.391113
520.652344 227.124756
533.236694 61.842468
749.144226 73.001427
356.564636 137.837540
416.027008 196.317078
636.474243 236.194077
692.743225 52.409916
385.960480 111.444679
620.312683 108.270782
680.715820 68.983452
580.739502 128.966156
349.573578 51.552353
461.220703 58.538319
601.996155 201.799805
604.636536 288.761627
461.892487 94.105606
686.773438 232.942139
244.547424 125.981133
609.040710 72.810684
510.722656 137.496338
323.643768 54.357971
513.204956 141.753342
733.431335 364.031403
358.242737 71.119446
659.464355 180.257736
393.358246 61.585117
605.627441 101.962112
692.869812 58.042046
629.158997 264.347382
627.408508 119.730690
678.033020 134.931290
626.460754 70.436523
323.919739 115.539680
474.640656 87.886459
598.613098 70.987595
549.395813 80.305290
773.844971 198.165527
607.138245 107.835213
673.123474 178.814774
289.948334 65.329239
397.602051 76.195007
502.864532 60.761955
623.810791 69.009834
540.086914 70.193222
473.077759 113.029213
409.731567 181.328766
511.472046 51.816833
174.995178 61.474464
535.188293 224.403870
707.868835 58.936531
558.958130 56.912937
223.063156 72.525986
543.110901 78.708656
588.815430 100.123985
543.593140 135.477142
215.743011 63.885292
653.992188 438.226074
492.898468 65.904312
629.711060 50.414215
181.189606 264.305206
571.494873 88.064491
576.170166 310.446838
610.453186 74.648109
433.719238 66.520973
502.926147 144.802567
591.209717 128.600098
216.415207 90.785904
487.623077 62.153500
618.981873 85.804497
300.492554 122.666084
544.834717 254.517365
259.779449 79.724716
465.681763 178.888275
588.798157 59.118366
542.627075 52.643757
602.343994 86.917732
518.112793 111.863861
646.369019 59.377018
208.926498 55.869064
587.431885 397.530212
614.249329 99.909355
615.681824 152.406586
660.466919 250.336334
577.843079 50.145115
299.640808 231.966736
568.829712 61.849319
530.581116 91.561523
672.133179 125.436371
312.332825 55.351116
550.215515 131.188583
643.860168 91.571701
408.814545 318.424133
589.149231 53.420189
633.468201 50.553741
560.685913 50.506615
366.256470 113.354141
465.961945 443.776154
375.651215 88.374634
609.925232 186.409348
447.876312 51.213806
367.642212 339.245178
251.044434 109.956749
663.022705 160.596573
526.624817 53.691376
575.097839 56.008312
416.760071 56.828804
571.076416 51.268909
637.377258 59.139519
451.804718 133.569244
606.264404 115.491127
412.610687 69.076050
117.777519 99.842247
573.675171 54.660286
656.983154 50.948353
487.474548 251.822922
490.401001 85.405220
524.900024 57.578262
380.723267 85.228264
576.219543 174.521484
545.954651 58.136459
277.722473 87.157524
454.198914 105.664886
399.295990 62.577328
247.634933 317.994385
586.327942 103.316132
496.661469 51.404579
260.565765 54.035122
283.637421 94.375763
531.046448 51.539028
247.867416 193.842224
505.666138 99.542519
511.556763 51.894138
474.322144 87.946274
264.364746 78.634293
399.133026 184.513306
469.720886 51.535912
364.977051 56.879406
465.737854 64.188057
540.025146 54.136536
266.175262 187.035065
448.477112 76.362465
535.159668 66.714241
176.863373 71.516747
217.749893 74.435776
211.243729 100.538414
454.826385 55.169079
567.972473 141.888138
546.316223 138.301041
650.611633 63.450581
486.046295 271.227814
317.711487 52.600521
419.860352 138.875519
552.897583 158.312286
465.007416 53.780235
382.181488 60.976227
473.267639 68.330017
479.925903 87.384171
443.895416 102.594955
443.983551 78.969940
374.616516 366.250977
501.014374 127.679100
478.137482 64.546867
514.977600 63.243977
499.807800 101.692223
510.125519 59.716091
440.040192 321.986176
549.320618 130.579803
370.303986 181.661484
295.863647 165.682343
457.488281 50.997532
558.825012 91.992249
198.345245 156.173218
371.338959 76.474777
369.361206 58.721584
585.523315 83.259125
368.398712 66.241104
335.958191 372.388000
396.713837 50.596607
563.454712 53.051197
437.830353 64.154877
557.544189 93.943359
430.013184 91.016624
511.263855 74.950691
341.282043 89.591629
374.526917 103.831039
224.303818 201.086456
441.126312 295.562134
274.291962 87.411079
355.435364 123.967857
391.846619 66.086342
428.605743 98.353661
192.861740 99.859734
457.287598 153.420319
429.754059 53.510544
488.504211 226.876450
462.300812 288.138733
335.454285 358.118073
245.090012 133.608322
486.189423 175.110611
403.676544 215.989548
445.823975 62.797737
362.745850 52.310902
231.880676 93.484337
301.791779 84.357620
244.626404 55.274509
263.941528 467.035583
486.006317 109.761276
502.893158 56.008854
466.535370 57.022755
421.480591 50.633575
239.357788 392.679016
393.958191 58.498650
250.005554 87.079391
525.540222 88.575996
299.908447 55.653172
353.757629 57.653801
540.266296 113.564072
449.171906 199.910828
421.967499 66.728432
520.082031 187.341934
382.653351 54.435062
313.453094 160.446518
334.718414 138.422684
491.034485 371.902161
328.940582 179.384201
436.583466 124.174179
271.015472 124.603470
342.078156 296.988190
395.568146 148.358643
492.122894 146.911453
332.432434 244.671310
448.504791 111.483299
174.076248 285.757080
482.904114 65.709549
316.966797 58.772282
402.433777 73.571945
389.549194 94.115471
459.675598 61.859997
506.309387 69.858032
238.387985 84.574860
406.223297 249.461258
363.498657 127.065704
268.177795 61.767197
326.917328 92.903435
374.813538 163.154694
521.477905 134.312576
457.397339 80.907211
445.458832 66.041092
176.907242 126.389717
414.336334 55.580078
270.837219 65.815987
326.593231 148.331131
426.554535 70.273979
398.645996 52.034119
539.679260 51.571621
271.605103 230.575760
392.065887 81.292328
404.071716 92.180504
332.964569 73.625748
406.013580 72.945671
434.625244 454.154724
149.462265 56.887077
388.566193 60.433674
435.485504 156.955368
448.106934 80.677605
473.357727 84.605881
220.492371 75.368568
452.083618 109.121391
345.694550 104.001495
325.284790 391.457031
294.667633 197.253265
416.187592 390.365021
240.707535 225.248550
419.771759 207.329727
347.862427 54.899475
392.752075 243.268478
266.739380 224.200058
242.748306 55.853294
394.231232 67.000259
391.065735 138.275818
424.377197 134.613892
430.133942 75.153633
343.190643 122.415588
363.741272 92.150314
256.316528 309.741791
460.328003 152.537994
337.948212 50.616707
432.856903 116.898079
457.412384 77.697716
311.063568 52.276245
474.373352 61.542381
483.489929 180.915207
223.559097 125.171272
356.009338 171.886032
458.289124 62.710503
218.935257 83.683205
387.025940 104.168060
313.598450 80.539940
413.495544 117.760513
475.040833 63.142994
278.116272 54.910297
313.798767 224.272873
334.204559 126.110252
406.096680 73.043877
186.344742 80.643341
282.439423 52.875950
512.597412 255.316101
405.044342 292.665985
333.303406 139.497284
205.548691 235.487701
261.360077 85.307404
207.348877 120.025475
465.213501 149.818771
408.556946 56.917870
355.617828 56.813602
227.577240 227.152969
390.627289 96.655037
448.469696 59.347279
264.232971 54.156269
457.416870 67.187431
326.166656 51.103401
338.948700 150.302200
462.813446 225.029144
332.520050 64.334305
446.074219 63.057755
395.320526 139.858261
368.593414 91.476959
341.905609 214.707550
360.137939 191.414307
312.878815 55.483528
375.103210 113.173897
370.189209 125.271385
308.313171 93.516579
472.899323 58.842499
347.970184 279.410614
339.249695 88.740898
385.608643 174.307480
136.578720 239.423553
392.900818 62.433926
388.291870 153.832443
335.494202 156.332840
365.351257 51.574467
421.086151 94.802574
398.254059 123.241928
382.577240 126.122231
288.181305 136.156570
367.487396 124.288841
273.908508 64.813789
420.225586 53.575459
389.665497 132.510666
338.471466 117.903221
419.720642 86.658409
325.323578 311.181305
327.062836 62.466682
384.106842 150.409988
321.909332 65.635765
427.951385 101.158546
221.686584 78.891869
450.161102 56.379894
316.044250 63.849789
361.554565 72.696892
384.315887 93.099113
444.708282 83.749229
392.278778 95.340195
415.493347 75.976143
408.138733 93.938362
357.510559 68.630463
311.767090 308.881836
329.161957 381.320312
269.611084 105.670883
177.691238 61.751648
267.237244 190.748428
283.310150 155.991501
416.202026 76.065521
414.561310 76.001007
316.158905 87.500084
191.607605 371.702576
367.004791 250.392166
247.999435 154.809540
418.853180 69.076157
194.827057 231.533249
243.648026 285.105591
314.467285 88.135315
339.066986 57.595608
314.454712 321.042786
347.582703 54.422512
394.472260 141.523315
379.446198 161.355972
258.341614 78.856903
302.995880 50.882069
157.597534 125.984131
354.220245 132.592056
350.866730 216.033600
441.610046 53.759922
437.723541 67.701393
204.999725 105.912010
265.062866 76.126404
222.268967 222.585175
346.918762 128.706604
104.914505 88.347939
328.087891 71.471565
272.373840 129.535187
188.738266 152.742096
270.032990 56.720608
459.869720 50.408104
287.326965 52.526546
376.260529 75.065125
414.127228 57.826073
253.439423 111.686646
382.358673 55.598419
314.011078 126.156685
254.968475 79.255180
428.936737 254.289917
176.339340 117.429344
308.195648 73.424850
320.353577 104.948425
183.542755 165.850754
332.544922 59.084339
307.558838 67.123161
328.474182 131.684952
243.185669 66.527634
356.431396 112.417702
424.573181 69.462868
313.894714 150.125641
322.627045 119.393440
224.360138 150.153229
334.951263 65.255394
310.040466 52.847023
425.003082 50.560551
429.397827 165.451569
307.750763 72.343353
368.385956 58.185921
444.327637 93.573936
300.697327 52.257633
281.130371 182.689636
297.872742 81.460205
326.420654 192.219421
357.899811 147.821487
285.526489 141.426453
372.694092 137.736542
395.700531 54.219589
411.045471 226.205551
277.333771 53.958405
400.666992 245.936066
316.224243 63.136650
287.816437 93.625999
291.922546 55.341022
389.582367 51.080948
407.089233 247.531555
339.957794 117.157295
354.125183 71.836472
289.020142 63.311604
354.783417 63.475063
361.713470 96.749557
206.051910 120.461411
320.491943 257.458710
316.055023 109.694534
214.018799 89.426353
258.388397 59.073475
290.723907 118.564926
191.138672 55.380787
405.557129 52.857620
374.951874 54.767281
332.050781 315.059448
236.377350 270.425934
242.490738 139.875839
333.319977 343.141602
247.016190 132.943604
377.138794 123.602036
430.598206 115.224907
191.156998 120.848358
367.334229 113.152596
335.417511 53.415413
212.950333 50.178356
399.448700 190.308945
324.468506 87.012581
219.000671 209.308182
340.018127 51.282063
256.388672 179.923813
223.385620 118.222748
366.279144 157.643784
304.830750 75.432419
211.417496 175.462875
308.142181 65.800468
337.084564 74.796898
218.588882 77.441666
248.697968 204.252090
252.221817 320.916138
162.250488 210.351288
163.852585 96.424255
437.151123 163.220627
230.386566 93.268997
304.932190 59.373890
295.904663 50.322132
267.163696 93.360451
348.382599 90.890572
95.267685 130.305161
162.573242 217.423141
370.899658 64.188896
293.826843 149.103134
87.640732 70.184471
197.659103 67.270531
288.207367 142.683060
328.026581 61.371960
285.776489 69.145180
127.505623 106.144478
221.386292 151.703293
263.432281 94.260223
320.673889 126.967010
176.359879 86.280968
286.984131 50.686287
363.105133 89.786995
185.824036 173.998932
376.687378 77.667206
187.767380 75.031815
125.971786 180.916199
280.291016 58.093643
162.447495 64.218666
269.006256 257.298279
214.144028 77.699776
261.652374 53.645702
383.013550 65.717896
392.443665 98.920456
295.462524 60.971428
334.455475 69.405945
345.190063 59.889542
287.083649 56.156811
189.444168 74.242653
281.777771 58.787079
292.177643 141.227585
223.811310 57.339409
211.427536 70.187279
286.346619 52.645222
233.514694 146.113266
281.749542 93.524803
110.902527 71.639763
337.873260 62.890465
336.497375 72.043251
325.034180 84.739204
346.839874 78.011040
342.579132 222.030243
323.768402 58.304348
288.329163 182.563385
148.229889 51.445076
205.720657 52.494991
263.572021 85.777504
292.106720 53.495399
184.435364 56.882469
171.273041 101.483673
216.559464 238.850800
174.594528 106.469887
329.477692 102.156609
331.256165 119.717216
123.512573 143.461273
172.282532 70.966034
315.066406 89.144058
224.369141 245.115494
245.463272 82.317947
103.048218 189.016006
301.345062 72.906197
310.439697 143.991409
281.552795 99.731361
257.218109 158.639954
279.828674 50.146427
271.466187 81.670242
338.746490 108.158562
324.539459 198.091019
305.475250 135.951996
302.996429 130.132141
196.381699 112.037422
289.379669 120.203339
275.656158 78.542793
293.508179 79.755554
242.734375 73.632202
299.013702 69.473412
321.603577 68.112938
213.109161 50.309193
261.324890 62.561954
284.466888 60.701950
319.284424 66.582802
328.791290 147.758484
222.620285 235.190216
347.681122 66.550095
358.917694 76.966965
347.203003 78.472778
172.304932 50.254154
205.804504 136.274155
268.165619 60.249977
179.553192 72.578133
277.668579 71.856949
353.658997 58.172215
272.428375 82.547539
251.196533 126.086388
125.211517 252.675293
323.707855 51.920319
167.170044 56.751316
175.859665 93.636780
309.307526 123.235649
191.471786 94.763298
302.105560 68.520859
293.367218 128.263092
239.396545 122.884476
234.340561 96.911629
281.876556 199.858597
276.975159 207.279160
226.557327 139.631882
351.826233 67.903854
108.205505 101.780075
182.035904 200.281265
338.711029 243.473373
180.562302 205.261566
271.989014 125.489349
346.289795 53.144352
250.497070 61.086330
221.560776 147.933884
190.213150 65.004204
191.462234 83.579811
247.299179 137.409317
306.239105 101.248215
186.957886 56.424492
281.361786 108.987640
231.040771 65.343605
209.834579 75.430138
315.004150 106.505463
301.533478 75.410797
264.053986 73.720947
235.297943 181.431351
282.944672 58.377972
207.403671 104.418549
149.364517 77.998039
267.106323 79.417534
221.654694 53.617737
233.157852 52.893047
328.704010 109.002243
245.955338 88.145523
151.402176 187.514099
241.304916 187.195602
234.804199 61.118450
279.153473 123.214859
205.353119 147.753250
262.938873 86.592361
339.319702 81.672646
188.979614 149.887619
144.210312 75.706230
321.064972 138.211365
248.662216 110.951202
265.822021 103.200966
264.948059 93.547005
293.538208 203.869537
135.783524 123.186966
207.239014 69.025902
171.660187 143.608444
304.301178 58.371864
327.145599 66.743332
174.671310 103.105064
153.778397 62.113163
237.920731 54.458244
251.106430 269.352448
249.044083 68.816635
261.977112 120.228264
134.824951 84.510971
248.407974 103.582306
138.352081 106.364700
145.735062 58.544224
190.691315 96.586266
258.418335 223.170395
277.677368 148.794556
173.682907 98.900253
174.790131 90.981949
243.121536 78.403252
290.081482 114.821373
243.657486 64.485825
181.938324 57.299553
232.289001 111.064987
285.242096 115.886406
190.207352 94.600700
315.397003 52.601063
231.192459 121.176056
200.577011 128.356598
282.225769 73.531738
242.428589 103.068283
177.577957 54.916016
235.576233 70.532845
327.547668 62.049809
244.780991 53.783699
270.885986 70.598206
201.401184 168.161240
154.744400 82.791100
160.214249 74.949471
241.046860 131.095566
239.455048 59.585518
296.446655 181.070572
296.896088 73.696220
332.130951 53.441944
275.940155 68.335106
301.562439 152.300598
116.017578 294.683289
190.482803 104.227089
241.970825 98.949188
207.613647 58.494667
257.704681 72.476868
249.866837 117.230019
189.514374 78.754593
271.916138 101.908928
245.946655 63.149811
200.916229 88.876221
258.007202 86.479401
272.024353 129.197052
224.367783 63.532787
280.967926 82.435783
190.290985 55.640194
146.298782 89.212837
113.635017 72.744461
272.297516 58.052376
223.854187 52.241165
269.301361 86.380722
302.386902 56.875633
203.832642 144.752426
127.652107 84.126266
233.986588 94.767487
262.007263 50.610264
161.921219 249.947571
208.479050 109.976158
180.823196 137.819031
93.768402 55.675316
161.417191 53.432560
260.257355 63.448776
214.601883 254.963776
238.757034 63.535522
278.974640 80.594742
291.560669 56.531143
239.935410 115.647003
186.803009 146.577576
255.664490 88.652565
129.171082 103.275154
343.965637 64.957222
249.215179 69.512672
243.869186 132.091202
244.019669 136.071579
174.034485 70.046570
131.443222 129.604050
234.593781 69.518654
125.946663 52.519680
176.821136 62.487663
258.439697 69.151848
230.305817 75.787148
259.687561 70.027283
230.789581 57.405094
209.141678 195.291153
308.983490 198.269638
290.565674 57.904533
231.579208 177.120972
190.141953 64.309456
129.221100 204.267441
247.599686 51.917595
201.560074 83.629997
308.576752 144.543381
118.109795 52.793762
230.721878 53.824207
273.519226 75.612289
130.148544 53.965214
235.413544 64.827324
271.084198 160.122864
278.510376 72.323250
281.793365 83.223030
214.099838 121.672783
207.522141 98.076851
238.645950 103.354111
270.683319 80.601791
241.179321 71.773361
205.308670 107.490044
251.205780 54.804825
182.511200 140.289749
223.710175 59.175541
315.089172 101.704300
176.521927 76.458473
129.718796 83.790558
150.158798 159.923798
209.172852 89.553856
198.039642 102.774971
85.644226 78.052467
172.322464 61.599773
300.812225 196.728378
193.759140 82.882523
181.045425 191.159393
238.551529 57.770538
288.996674 92.044525
261.391510 101.406822
322.247772 152.834564
111.607971 53.395813
301.149689 114.268242
271.032104 144.583435
241.482727 215.650772
190.565094 150.320587
270.273956 65.788956
162.108902 54.946033
263.699432 62.693962
223.151154 99.501038
241.256088 144.604935
228.373840 127.209877
76.078873 58.358414
190.646866 91.941170
217.090363 234.282181
245.675751 95.146912
149.915558 50.979919
121.144257 76.861961
216.062988 110.786949
115.557877 54.188961
134.696915 112.401535
279.271942 64.229973
113.920227 51.161137
99.894356 73.713966
181.290771 68.364738
241.486771 81.170540
287.660675 176.584885
209.876434 94.693855
65.162636 196.070587
225.711029 72.010139
207.136368 64.087761
194.910248 98.788200
157.239258 51.723526
162.043930 139.880463
196.690674 186.987381
170.582565 58.741508
258.089081 88.582542
203.755356 102.213600
120.989937 60.123936
187.734940 98.157288
99.876595 239.586151
258.126312 56.657410
224.869339 58.880455
232.477188 84.004303
236.489517 156.054779
232.919968 108.090096
179.367844 59.026348
195.901291 94.602058
164.709778 113.920685
273.454163 192.735809
187.964417 58.377777
262.504272 55.063908
193.082596 54.843960
232.662537 84.483307
221.869003 52.694019
207.264755 114.187958
139.159424 50.397099
229.435211 53.862366
167.866425 50.582897
95.774620 52.284100
186.330338 100.417084
212.548248 102.068764
246.978943 122.726784
210.270187 56.747505
204.655396 110.429794
290.755493 73.457359
232.219452 94.278564
212.370193 83.993584
188.382706 204.955765
189.139633 120.944481
224.834488 135.322845
251.579178 53.426723
218.481140 115.842934
207.115845 115.450356
284.579254 165.177032
189.319168 82.386879
291.541840 66.659004
292.482635 82.789322
107.652512 51.877724
208.606995 87.169930
244.937820 57.704567
227.095886 57.310699
205.896469 53.017262
184.842377 120.154289
242.888290 139.196304
235.010208 194.534744
239.586151 99.876595
161.097168 248.565125
246.004684 130.144104
311.125732 58.756493
163.578110 55.378838
224.308929 95.725677
160.123001 132.825729
108.169983 116.865479
210.514816 66.463333
200.304993 95.412247
227.329453 97.411003
192.032303 86.603584
125.360397 83.642273
214.211411 63.885403
190.086761 60.679668
213.685715 62.749313
97.242241 97.000702
186.914398 53.509792
132.529572 61.048344
286.310089 58.359192
207.260559 122.137375
194.789093 111.038033
255.370483 57.156395
92.283981 76.087151
90.071877 66.044662
244.732788 51.525375
186.964050 101.750679
238.837662 171.577774
183.788193 116.944756
174.939133 96.842743
163.890732 120.882568
257.378510 50.397511
248.944763 68.121712
202.956665 70.889091
214.047577 98.010117
232.481567 52.983936
227.347549 147.643097
187.646637 110.733223
137.678726 62.146141
181.516602 58.928074
226.262894 54.287167
290.004303 52.726620
115.810097 197.301086
185.930923 59.753349
143.509262 113.308380
246.135773 143.399658
207.203568 66.163239
192.294189 55.753212
206.798126 64.062149
213.982590 55.977932
140.151794 116.213554
225.890106 52.483639
195.074539 51.673630
242.103699 80.080597
239.334045 76.989212
250.094589 74.637001
253.641129 56.574303
69.204552 196.413498
203.027313 69.086906
198.524414 90.548004
163.001495 86.280952
178.234268 76.599800
195.912033 57.062668
144.807632 87.245972
262.641296 76.745003
211.098343 55.741806
133.407486 137.790344
178.275543 87.098694
217.546249 57.717079
251.262741 142.462646
195.132706 50.555965
245.931091 104.339081
196.064468 63.265602
222.068649 188.520432
183.509521 107.974892
212.060150 76.887367
221.762146 52.678936
264.532043 138.077637
128.122559 83.845818
104.328110 112.800697
158.939514 70.624184
104.782951 84.471054
278.608002 81.018723
266.497375 68.833748
197.352463 95.391525
159.656158 55.835228
180.425964 228.363480
232.662918 97.646782
256.042023 76.155228
151.432861 50.266884
246.330734 180.367706
174.487564 114.246429
246.657562 77.366074
87.377182 119.829811
133.910675 65.642914
248.565125 161.097168
247.221313 85.928795
185.581924 203.937134
98.992493 186.812408
195.734146 208.375610
186.812408 98.992493
270.542603 137.578888
190.552673 87.753601
229.528778 121.912537
180.170547 117.463768
235.843918 90.826393
206.421371 56.647339
199.708542 132.602753
260.036011 61.763058
252.449432 56.376259
234.742035 102.498276
208.375610 195.734146
211.903046 86.014305
197.378281 52.572342
117.756721 111.658646
173.406754 63.891647
139.430023 76.939377
203.261856 101.652504
230.136169 61.643158
208.822113 52.288906
231.689911 55.384907
154.593262 74.575806
217.941483 82.087646
136.312759 237.596573
245.107330 103.886856
244.143631 71.042908
137.272125 117.476921
237.434540 121.312904
191.153397 59.192226
104.937675 57.395241
212.345093 52.647690
191.251007 81.290482
192.209290 67.209991
225.765091 67.638702
160.548859 178.516541
176.526047 108.878769
121.229012 51.778709
248.365707 171.903305
168.678909 51.374157
234.282181 217.090363
143.834869 73.139229
174.015274 132.428207
124.324600 56.856670
124.731033 63.573978
193.313446 122.995651
114.839371 78.750481
182.127365 85.733475
176.044205 98.680054
68.777756 53.203331
212.907547 76.887863
184.364273 146.596405
116.339035 84.165359
216.628448 89.526733
167.496658 88.583855
178.976105 121.213455
141.032303 237.974472
164.371582 108.538582
220.264389 72.342789
193.796112 74.376671
177.511261 57.131165
166.219391 68.129288
169.725815 104.019028
126.031776 61.242119
150.669449 61.608730
249.064819 54.256554
215.249130 71.995819
98.359421 58.058014
155.276245 103.830124
137.735977 92.660767
199.016190 99.188782
187.346863 50.001644
240.043381 153.993195
173.304169 70.540047
87.547501 126.901703
190.407516 71.955383
160.048294 116.397797
252.275406 75.794472
191.775131 130.448532
58.140362 76.510925
192.735809 273.454163
167.355560 59.602005
215.360840 68.244133
214.854294 51.303547
215.811966 60.674648
260.310486 54.076298
156.381516 62.861389
140.703049 56.497311
98.711403 89.978127
189.553696 63.473930
158.450775 111.256844
190.963959 108.586807
199.685852 99.715836
191.686813 80.236740
189.469101 90.533127
94.693855 209.876434
96.708191 82.970444
166.399078 82.753784
197.408081 72.148964
76.892586 75.849602
238.916458 75.477699
213.125626 59.079571
272.537903 62.975117
189.485474 52.206497
204.864456 53.663948
201.027115 87.796448
221.165192 107.149147
229.066315 86.440430
204.038971 52.191288
227.428467 66.677162
227.131714 75.331924
205.450241 121.323883
250.462921 62.381588
192.677902 152.401932
235.922165 51.150406
188.984009 51.197437
157.664749 65.536865
256.370941 56.313293
243.535355 86.968292
242.694763 66.635033
112.971153 96.366142
141.504303 66.439041
194.516556 102.151413
231.612274 67.428886
201.849731 66.604668
131.515991 78.217804
159.678375 128.401230
228.363480 180.425964
204.609222 62.741169
169.199661 200.868103
185.976532 83.372459
201.485458 149.665375
237.974472 141.032303
193.368530 77.098396
214.486923 76.841812
138.552979 101.080254
135.557800 97.024841
163.910553 113.834801
143.274765 114.107712
217.453537 74.281830
154.566910 130.497314
155.647781 68.510849
137.090240 76.906898
122.137375 207.260559
170.339279 70.411232
142.760468 119.990044
120.836029 95.164436
223.605164 57.626572
117.476921 137.272125
193.328751 58.424572
189.453445 62.183102
156.493530 77.344345
219.993759 131.946686
208.508041 138.968079
173.966507 122.680626
127.129539 53.791412
182.719254 50.058437
109.285515 52.041679
119.418045 58.078529
183.558853 101.044334
122.409653 119.165688
194.534744 235.010208
254.420441 141.655716
174.068268 105.280602
115.690460 65.199272
201.543732 78.853851
191.109970 79.500504
206.808838 60.571579
196.070587 65.162636
138.063629 79.038513
125.211517 100.055511
167.176712 84.241524
261.626099 69.519630
74.699272 174.220032
165.384735 54.256065
94.006531 86.447792
93.405655 54.791336
117.347466 51.449329
164.638474 60.777229
114.531845 53.638367
130.300690 114.053436
97.590775 77.510040
142.595673 61.291462
155.068008 63.774391
106.428497 161.683990
249.942383 107.061668
204.955765 188.382706
167.129410 138.044052
208.972702 61.322746
155.468658 118.440430
208.889328 176.347794
184.335938 97.512291
168.974884 54.915001
218.391449 116.542023
96.533112 118.649277
211.290009 77.335442
88.774208 118.195152
78.723763 52.875488
173.013626 53.115036
190.212082 78.978912
181.254913 65.276917
146.708862 99.787315
161.396423 52.291676
194.794067 58.542465
227.098923 133.927902
163.247498 96.880875
203.223236 72.965279
207.484192 82.547569
139.044418 191.022064
168.659149 81.969666
170.612228 53.397522
130.668472 76.460823
144.443649 50.833351
195.428238 51.591412
171.994186 129.863937
196.555557 99.233238
114.673347 80.956779
144.975967 50.658157
189.766418 114.978188
170.520813 107.072159
182.364578 177.940521
172.714539 143.429337
190.767197 63.974098
155.443283 142.303818
176.428085 60.765583
132.899918 157.106720
172.326187 53.079632
197.266083 107.758751
167.667709 55.224316
192.155701 51.144199
177.940521 182.364578
204.349930 66.063873
173.262695 63.194359
134.227661 151.916367
132.985153 55.415756
95.847656 61.278271
199.528000 111.633232
133.927902 227.098923
171.903305 248.365707
183.338058 126.751846
134.528717 89.776581
189.841705 149.597763
156.727722 68.517494
150.144318 50.980446
174.313797 61.056576
161.507614 55.027580
186.344406 61.182308
155.919189 62.842136
91.099831 247.327316
188.520432 222.068649
200.792038 69.768700
198.207733 59.567467
184.803223 110.637688
219.470901 50.363937
155.424164 99.852631
121.046951 96.340569
217.346680 61.598232
227.912216 83.619102
187.901596 114.223969
135.039078 96.327965
190.184845 58.037270
76.906898 137.090240
207.847580 138.926575
215.882874 59.250420
156.312759 108.092964
207.066101 51.214970
175.081833 112.363373
145.777695 179.638214
168.017761 50.423313
170.309509 158.685684
86.676514 116.210541
139.618698 87.680305
173.502945 97.978279
161.161713 51.106182
182.990295 59.034653
188.577988 59.286106
193.539200 163.649292
161.564514 98.051430
118.649277 96.533112
175.263412 56.512215
180.367706 246.330734
214.753906 54.115215
174.839447 114.190292
173.065765 56.593674
101.941429 111.211006
166.692368 60.855743
202.328445 63.188210
226.351837 89.310699
148.702286 78.690971
73.095474 73.732246
141.055267 62.143337
142.098068 59.067493
126.519066 66.317566
170.623596 62.075222
185.338852 114.931305
195.944443 51.420280
186.987381 196.690674
224.577805 130.187653
166.442841 67.052582
187.647781 76.305214
102.068764 212.548248
132.906662 83.334557
165.878372 55.052189
136.619934 80.063438
92.854210 53.224960
123.255989 76.424713
186.565186 75.907265
166.599289 107.120712
179.638214 145.777695
142.547379 86.449799
68.308784 65.493927
196.413498 69.204552
204.679489 66.771996
60.445515 60.618340
157.243484 104.797394
172.216354 60.039246
132.974136 50.510601
174.554214 63.392368
230.597763 61.951450
54.217186 107.451874
171.247986 64.390770
74.873108 72.692741
207.490189 93.626678
65.518562 97.366920
180.722794 70.966446
218.482758 81.736183
165.166840 84.457642
176.214111 75.072762
189.919220 113.348541
214.982361 91.522919
191.001007 74.821243
129.440842 53.939896
145.022583 72.510735
165.826065 58.379940
157.507034 132.295731
101.722778 55.470779
194.969025 59.196854
165.177032 284.579254
231.260300 58.968163
220.855804 67.820404
176.584885 287.660675
137.578888 270.542603
154.242004 79.429352
159.098007 95.480675
149.665375 201.485458
96.773415 83.141426
125.106667 69.049614
147.196198 69.748650
152.401932 192.677902
90.787849 81.053116
193.794952 93.605057
171.577774 238.837662
184.430222 52.807373
124.094902 118.725632
204.059799 56.174915
209.582840 75.381317
137.830276 158.360718
150.643295 160.902008
181.576324 114.710892
109.470718 131.230591
158.685684 170.309509
210.562317 80.422981
167.438446 56.507610
201.232376 53.113293
97.646782 232.662918
214.889450 64.465240
135.796524 177.970520
78.910896 54.322598
84.471855 103.424706
134.051926 54.893631
165.304764 154.532074
149.567184 97.362778
133.846924 125.198677
127.209877 228.373840
153.158081 133.733398
195.808289 143.621597
148.994797 100.261406
148.913055 122.004868
215.494659 66.433495
78.952858 175.394043
149.976486 104.455315
125.980827 91.498718
122.087799 93.126282
137.586166 70.971458
145.363098 50.883480
179.225418 75.364830
116.397797 160.048294
198.035995 91.414482
176.347794 208.889328
157.819946 70.098328
175.531036 51.453640
144.829880 113.745888
180.207748 55.182480
148.581314 117.359787
159.658508 64.062584
135.871033 57.945190
84.185326 98.231262
132.295731 157.507034
184.747894 66.841331
116.206146 110.784691
160.721130 64.279442
113.519669 105.427208
127.429527 95.204826
187.738068 110.252785
155.691498 172.387115
199.407257 120.097130
151.590897 52.439629
122.471535 102.036011
83.990189 93.034920
138.077637 264.532043
123.205383 70.882141
149.170319 103.131851
204.765442 59.994949
136.639404 132.287338
199.472382 102.276665
98.171486 80.710007
192.389694 69.011589
133.733398 153.158081
143.429337 172.714539
177.042984 111.985580
179.136078 65.434898
157.121643 77.730553
163.649292 193.539200
161.208847 64.098518
89.928284 72.730537
133.061020 70.358284
188.186401 111.995987
155.243484 53.985249
171.962784 95.336037
148.252258 63.773640
161.404984 61.226116
198.090973 67.023361
159.131607 103.807610
191.997711 97.230820
200.963089 59.553677
166.744431 132.655731
159.597198 52.144073
100.836029 71.452660
110.026268 92.437141
174.220032 74.699272
144.382889 138.482895
94.278564 232.219452
140.480881 67.249733
194.865097 69.781845
217.620285 82.246338
123.508057 66.545448
148.763580 64.325577
189.371979 80.195465
53.355766 94.701378
205.508438 76.033623
148.257690 64.155754
155.221649 84.630409
220.948486 50.652462
165.365738 56.606586
142.145584 57.145092
141.236237 55.329609
147.019379 187.639557
131.549377 51.153851
159.448669 117.443428
175.346451 129.051559
106.718918 63.240917
152.760498 92.903214
158.765030 74.290398
187.351334 76.483521
151.193222 81.863380
138.206329 58.695282
175.394043 78.952858
171.980453 67.481750
145.898407 163.580582
186.111572 92.720840
185.040833 62.955467
135.086853 67.015190
92.819733 59.642273
66.545448 123.508057
172.387115 155.691498
105.422890 63.153366
141.252472 70.950905
56.501755 132.955841
106.015900 61.369820
163.580582 145.898407
185.792801 73.747810
172.098541 51.703655
152.852966 74.390289
175.489471 103.641335
141.655716 254.420441
183.839157 61.314262
93.170563 56.803574
118.176743 63.585674
215.159500 62.425694
129.275681 124.591644
187.913864 144.299561
132.082306 50.746044
83.141426 96.773415
199.768875 107.257645
126.963837 86.165886
148.318451 67.253952
142.455444 74.745232
67.249443 69.687637
162.887955 90.241623
154.532074 165.304764
135.999344 51.483284
93.676064 54.816498
111.658646 117.756721
96.060341 64.078255
160.602448 68.342651
154.059692 61.736870
154.920029 87.212379
168.823669 67.635979
142.440262 76.705109
88.695648 71.528175
163.147491 67.970345
163.368332 128.924988
147.718781 68.957214
106.170914 125.779083
142.061905 159.814377
158.360718 137.830276
138.482895 144.382889
145.413330 85.733040
145.335190 57.624485
126.138313 76.532990
136.125732 100.166626
186.377411 81.077217
126.345650 100.600723
126.040276 137.688797
149.833374 56.409164
165.455872 73.088036
131.198792 51.642036
81.488518 77.088028
147.968277 133.258102
110.548286 129.094238
120.178261 93.002968
132.602753 199.708542
171.465454 72.659096
118.782463 50.746269
113.834801 163.910553
144.226151 73.778008
157.106720 132.899918
154.804443 52.481018
216.714722 108.144432
147.614349 57.641335
155.880844 68.248665
74.225662 151.842239
158.120300 78.121552
150.241669 126.129944
156.001373 101.705956
184.670929 89.345940
98.234543 70.299370
78.674942 56.243629
170.193787 76.437401
176.206879 114.479614
77.993774 78.531372
159.075226 51.667248
60.623550 59.668053
164.848221 149.461365
176.519287 124.188690
144.866562 59.199139
95.725670 53.860954
141.258530 77.936310
120.611389 105.829025
132.418060 74.995857
144.040146 95.575920
162.524017 56.079254
160.240143 79.157089
74.651794 92.534027
140.061050 74.759041
184.523026 66.203362
203.937134 185.581924
187.801041 75.878883
171.171799 148.819031
156.971344 143.474274
107.149147 221.165192
158.474869 61.727261
148.809753 100.878944
171.251190 50.499043
74.596382 96.007355
84.419960 147.749634
175.439835 51.940842
121.570160 78.234795
145.198761 110.794884
93.631676 122.041557
108.964195 68.744781
142.303818 155.443283
150.589264 87.833633
72.659096 171.465454
150.617432 119.588089
151.440628 61.098866
158.010208 75.323166
133.496063 67.155365
124.463669 50.784840
66.826851 94.593224
147.749634 84.419960
189.507736 112.064438
156.912674 67.441711
119.990044 142.760468
112.710014 60.268559
144.621201 62.624176
125.236938 113.780991
133.482147 156.573990
120.376968 77.478500
153.993195 240.043381
146.596405 184.364273
136.657028 64.931091
129.850937 152.721405
105.280602 174.068268
175.817429 62.106552
101.612152 63.663395
158.493484 79.429451
139.691177 50.879078
157.044357 56.034443
83.156578 108.309830
155.281418 122.525818
158.675583 60.464443
90.934578 139.369904
104.767715 72.576347
171.562103 66.541237
135.672455 123.781700
165.539474 50.228374
123.087593 96.804253
142.309189 132.420486
126.077202 78.301025
143.399658 246.135773
167.517593 62.487888
141.511566 65.626442
177.058640 123.972092
180.474777 51.734871
135.484283 117.131866
114.710892 181.576324
129.674835 59.620777
131.011139 74.829155
135.898987 63.111691
123.909370 50.582802
138.968079 208.508041
157.829117 61.887165
147.445053 71.546570
177.794708 75.881508
153.457413 131.600220
135.062851 70.162140
127.092934 112.566704
167.364578 54.364651
127.936440 114.716331
125.779083 106.170914
130.613739 59.194786
114.107712 143.274765
146.652817 55.441395
142.064484 65.531006
161.683990 106.428497
161.862915 83.278442
144.289307 78.012367
153.289703 178.548523
97.820404 55.102341
118.796822 80.146469
119.863655 130.175430
152.721405 129.850937
111.296562 73.872383
178.548523 153.289703
124.467216 63.012596
143.773590 61.274006
138.583237 119.252197
144.749130 58.270721
187.639557 147.019379
117.131866 135.484283
149.820633 58.889835
73.457359 290.755493
105.829025 120.611389
122.584030 89.104431
146.939514 120.321648
149.108749 133.541046
157.108032 65.653587
107.559105 99.461800
101.729736 63.161240
98.231262 84.185326
165.681931 76.636024
164.083511 135.198517
148.080475 91.757133
150.956192 75.699432
126.129944 150.241669
54.791336 93.405655
102.886063 53.258053
134.938217 61.225643
113.911827 61.586632
168.990112 96.913857
160.902008 150.643295
155.743164 107.402100
111.995987 188.186401
111.985580 177.042984
87.245972 144.807632
126.385956 76.718819
104.019028 169.725815
138.899323 77.198441
143.621597 195.808289
101.453880 59.299587
124.020958 67.412552
52.077049 53.373127
185.771362 124.384636
178.062210 80.200684
156.460876 55.858910
115.905998 71.881004
129.916977 86.168930
137.934097 115.421944
175.351974 101.428963
54.679413 58.661587
119.588089 150.617432
156.826355 51.986397
95.144165 60.863419
129.167816 68.562454
107.852112 73.723495
134.880249 61.267570
122.598152 97.981026
61.278271 95.847656
120.460823 86.153633
156.964951 64.012131
139.880463 162.043930
159.853668 71.131210
132.420486 142.309189
76.599800 178.234268
129.051559 175.346451
109.269386 90.249420
116.542160 91.761589
155.454041 57.788250
62.215008 161.278580
117.463768 180.170547
148.121674 51.073837
149.050507 96.494560
102.276665 199.472382
124.188690 176.519287
122.267181 85.456345
143.001968 62.024456
80.135567 69.935295
137.831100 78.761162
119.151939 70.491455
130.569229 67.750809
158.859329 56.415417
110.010178 66.260712
144.299561 187.913864
114.818756 63.286304
123.994698 74.318863
134.854309 67.445114
101.515625 113.249046
114.479614 176.206879
123.226738 79.081161
104.020050 70.857010
159.953629 101.145325
181.935623 60.836941
141.142258 50.097397
95.336037 171.962784
138.044052 167.129410
119.726212 103.231651
147.012894 103.288055
120.882568 163.890732
112.907173 53.818016
107.731606 58.974316
129.918182 72.381660
151.985641 51.204792
121.213455 178.976105
160.592255 55.414753
157.864838 53.153904
58.338448 50.238636
129.774612 69.263977
104.214691 113.869812
57.500061 133.665298
150.090469 99.315323
99.606895 94.138565
100.600723 126.345650
94.470650 51.753349
128.845306 71.404045
163.597534 110.933594
97.040276 80.689568
137.688797 126.040276
106.326523 59.506584
166.172089 83.338585
104.874840 65.837212
104.423706 71.594414
131.946686 219.993759
139.839600 67.240662
128.210648 54.027138
136.503250 52.086548
85.090714 52.707916
165.790466 132.581940
141.605515 68.569283
104.208855 71.402191
120.309219 75.478897
141.816620 54.857632
119.703972 69.502968
96.880875 163.247498
107.758751 197.266083
146.575974 61.240005
129.904678 96.601357
67.867599 55.155415
133.258102 147.968277
121.471146 56.496246
109.716255 87.093895
177.598328 90.123260
151.916367 134.227661
120.500450 105.663933
100.290070 122.857132
132.287338 136.639404
113.348541 189.919220
121.038490 93.535751
101.991096 87.352951
151.451553 136.843140
107.203743 60.694244
77.098396 193.368530
134.393173 107.267097
164.133209 53.724873
59.808846 98.463234
62.381588 250.462921
147.643097 227.347549
65.292084 139.217163
138.214569 116.654030
142.462646 251.262741
118.223717 55.002754
140.199051 98.182396
106.964378 59.585430
111.462372 66.135605
128.765869 51.850712
154.245911 71.551552
132.825729 160.123001
99.047455 99.501259
106.230774 99.379166
104.888634 83.091309
128.924988 163.368332
123.680321 78.241264
97.022598 103.588753
64.672302 74.305382
135.603287 77.245277
79.157089 160.240143
133.569397 96.113243
122.199829 127.075272
135.077728 57.464123
125.198677 133.846924
151.723495 56.445805
102.151413 194.516556
74.170776 88.925995
150.460678 135.415405
162.930481 71.700951
129.863937 171.994186
128.209442 85.164986
112.401535 134.696915
125.227745 116.452499
131.600220 153.457413
135.415405 150.460678
111.687546 62.313721
121.033661 64.632477
178.451172 99.419327
125.608025 71.854950
110.637688 184.803223
151.857803 83.998795
59.267860 67.942116
126.183716 69.280235
170.549179 56.189568
138.180191 55.480209
146.196793 105.454086
93.259377 91.575607
177.970520 135.796524
130.582214 122.446136
102.213600 203.755356
158.753769 113.684891
79.133026 64.093468
122.519936 61.180904
138.992844 88.841248
118.195152 88.774208
142.622787 65.497177
164.864563 56.127708
130.210068 64.424049
92.077034 56.663082
160.192154 95.364357
125.112602 76.671913
155.139984 138.167511
144.604935 241.256088
116.718231 69.995514
130.382187 89.892303
134.311401 95.889107
86.862442 53.862755
108.998070 131.653458
133.029984 58.274380
113.920685 164.709778
53.019768 77.177643
60.972301 57.412582
111.836594 85.538048
103.888702 99.250214
120.046555 75.937614
152.916229 65.817345
129.171555 105.382744
151.929474 80.262016
93.912964 53.577507
95.725677 224.308929
121.273949 55.384998
79.388786 78.635857
51.712543 59.430130
108.586807 190.963959
116.654030 138.214569
76.841812 214.486923
93.821846 71.729614
148.857742 107.368706
129.094238 110.548286
122.327499 65.703728
165.573090 77.960739
132.655731 166.744431
99.354530 67.859978
105.401833 60.498043
108.559761 93.175880
123.972092 177.058640
151.842239 74.225662
112.363373 175.081833
164.975449 109.649284
130.481064 91.592064
139.196304 242.888290
146.963608 67.838997
97.129326 58.086159
77.930725 94.142273
127.075272 122.199829
80.236031 82.251923
111.890045 83.696884
69.824387 212.301758
138.926575 207.847580
157.828827 70.369865
119.252197 138.583237
131.856522 51.020569
166.033203 73.949585
135.198517 164.083511
77.088028 81.488518
150.792923 128.296432
63.901047 51.195930
137.073410 54.598377
69.779930 96.128006
143.498093 56.621620
82.547569 207.484192
67.942116 59.267860
109.649284 164.975449
119.119308 71.702988
149.597763 189.841705
101.577309 115.346603
117.555916 65.585625
93.379265 94.643158
149.895554 90.876404
85.538048 111.836594
144.806885 76.658485
135.957336 58.902012
140.542633 108.997040
81.736183 218.482758
102.272064 90.185280
110.933594 163.597534
67.052582 166.442841
114.246429 174.487564
139.057434 77.825356
129.044281 54.090229
138.383575 51.998150
103.015800 50.379120
77.176796 74.261765
151.526184 60.451485
122.841148 57.822216
122.004868 148.913055
122.995651 193.313446
101.705956 156.001373
115.801529 50.492313
68.114670 96.309532
122.041557 93.631676
94.582878 71.503708
101.750679 186.964050
114.931305 185.338852
113.826927 54.236435
108.642029 79.426956
101.338478 119.155121
119.721931 58.543564
170.065323 72.613075
69.336212 75.482521
113.440514 55.824356
161.317245 57.938854
115.450356 207.115845
111.004059 64.846161
111.023697 52.024776
135.902832 64.891869
172.890671 73.645386
101.398796 70.787476
143.022064 77.873344
90.276291 98.242989
123.719162 63.115173
120.944481 189.139633
86.521851 77.822815
122.383972 51.431507
96.842804 59.651928
98.182396 140.199051
60.810608 60.943447
95.232117 89.526184
110.733223 187.646637
126.424721 121.211220
126.562279 68.769699
120.097130 199.407257
106.549377 68.562462
125.036690 53.634323
101.323769 68.440163
136.290054 79.768494
91.326111 51.595978
116.542023 218.391449
145.456451 108.188881
78.761162 137.831100
78.318237 70.729050
133.665298 57.500061
101.207993 70.754662
143.962173 53.350330
111.637680 114.193855
153.403412 61.897530
67.820404 220.855804
70.624184 158.939514
161.278580 62.215008
101.211624 50.392807
105.427208 113.519669
160.233353 71.416367
108.188881 145.456451
98.157288 187.734940
136.891373 56.692291
127.028069 77.097786
55.127014 51.200535
63.743519 70.814850
61.848488 54.691406
61.274006 143.773590
76.510925 58.140362
121.518120 86.103020
119.155121 101.338478
100.417084 186.330338
78.322105 90.622192
101.873589 72.200356
54.065884 106.350494
54.634319 66.852249
138.167511 155.139984
114.120010 57.414345
119.631882 57.591076
159.151413 63.286682
103.588753 97.022598
126.120285 62.221985
121.211220 126.424721
56.496246 121.471146
105.454086 146.196793
110.394295 60.696274
106.016975 69.247368
126.751846 183.338058
145.380112 62.663517
116.614357 80.658012
110.458092 127.167473
113.125916 71.161552
78.241264 123.680321
90.469658 77.952232
123.522850 123.954323
96.120049 55.736275
121.312904 237.434540
122.583046 51.161633
114.081184 63.169926
112.566704 127.092934
153.796143 99.226242
55.624264 82.693733
120.340065 71.462677
127.171860 53.692688
105.663933 120.500450
104.531143 81.556602
117.276596 56.664089
58.866325 87.121613
111.025429 77.188347
109.117027 82.524551
80.658012 116.614357
95.276840 53.137310
96.004570 58.884075
149.461365 164.848221
93.626678 207.490189
122.525818 155.281418
124.323967 60.597557
110.988327 70.034317
99.226242 153.796143
124.384636 185.771362
106.430161 69.000183
134.631943 70.580338
145.668503 108.163788
120.919945 109.406746
116.944756 183.788193
103.830124 155.276245
78.668724 71.646385
98.056320 82.087532
119.091141 98.310036
93.303474 85.115433
145.994476 61.302391
104.339081 245.931091
85.435341 55.876106
102.596458 80.287399
126.357109 86.934509
106.448799 64.212288
109.361694 53.459583
64.281425 59.085354
84.514107 109.505966
130.497314 154.566910
104.053360 85.425415
111.699883 53.487740
61.526039 68.817848
159.354492 73.645943
90.185280 102.272064
68.934822 99.842010
95.575920 144.040146
56.088993 78.511536
124.427750 89.750702
99.852631 155.424164
119.829811 87.377182
97.274681 66.085884
146.685211 64.898926
116.258949 58.499744
75.072762 176.214111
105.722511 66.725098
97.115265 108.244431
119.872810 67.282555
90.751488 131.537888
112.391159 57.448772
73.778008 144.226151
118.783203 51.436562
53.203331 68.777756
103.100731 101.017487
99.787315 146.708862
122.726784 246.978943
137.790344 133.407486
130.907608 56.231853
107.885277 103.604706
117.735664 52.308670
107.879074 50.275139
132.428207 174.015274
136.843140 151.451553
156.753571 79.686623
95.230537 79.619438
119.385918 100.609291
124.206657 70.279465
114.187958 207.264755
123.217133 71.585892
155.722122 71.178551
95.803925 51.761360
125.168900 64.692329
96.591454 78.910164
100.886330 66.892761
135.322845 224.834488
110.429794 204.655396
121.323883 205.450241
92.437141 110.026268
110.915184 90.718895
113.586754 77.412910
99.970520 116.907410
98.788200 194.910248
105.314957 72.789772
65.910507 61.591843
139.369904 90.934578
97.777611 55.893269
107.072159 170.520813
118.966766 54.339035
128.180176 71.804901
78.690971 148.702286
73.488686 123.965355
127.975601 60.018623
119.165688 122.409653
127.066383 53.964485
100.215416 98.339439
103.231651 119.726212
55.255009 58.743935
127.167473 110.458092
91.298576 79.831245
121.912537 229.528778
123.954323 123.522850
57.817455 61.586811
130.187653 224.577805
128.966431 52.586613
145.037033 96.250114
117.359787 148.581314
55.101299 80.579453
110.786949 216.062988
97.765800 58.104221
108.423607 78.400002
114.636757 88.534637
79.713646 67.742638
52.956440 92.932602
56.911831 64.659813
108.060844 63.393864
86.780968 58.558064
148.819031 171.171799
98.918861 65.584785
103.063316 59.822109
103.556709 56.197021
96.007355 74.596382
81.170540 241.486771
97.362778 149.567184
92.908104 90.001076
105.605209 56.691906
100.780197 62.982918
107.631561 73.781578
89.876305 55.207535
120.321648 146.939514
138.703766 54.934219
59.026348 179.367844
79.619438 95.230537
118.366508 82.208458
115.842934 218.481140
69.910187 71.790253
79.686623 156.753571
104.749756 60.482761
114.208321 80.213997
57.092339 88.484909
106.575226 53.447529
101.428963 175.351974
114.787956 65.172997
103.131851 149.170319
108.092964 156.312759
101.615387 96.781418
98.190628 52.141800
111.808830 60.275574
106.350494 54.065884
117.898827 55.662193
101.039513 90.048615
126.943207 56.691212
131.537888 90.751488
74.759041 140.061050
107.656784 64.806129
124.454430 52.372898
99.065536 75.321678
87.796448 201.027115
131.230591 109.470718
96.113243 133.569397
82.997490 67.620789
95.738060 52.986485
94.950142 59.595543
122.601265 68.845665
99.796555 63.574680
87.098694 178.275543
101.127457 74.618172
95.399910 61.180519
125.782120 60.211773
77.457626 105.845291
55.695999 106.603340
100.805122 87.848442
93.034920 83.990189
56.282341 70.480232
93.737846 63.826782
68.454147 101.023323
121.825066 50.968128
107.368706 148.857742
99.950577 56.536186
125.323242 53.084763
118.845398 64.357613
123.403236 64.087318
112.608482 76.677788
99.194412 66.324379
97.411003 227.329453
162.107880 50.576416
77.229630 122.292313
104.589775 50.145237
109.526817 58.583324
74.799332 59.108410
101.374641 75.590866
106.211823 55.226753
112.093857 69.787392
70.198082 58.872616
114.190292 174.839447
103.566200 67.838371
108.878769 176.526047
70.950905 141.252472
102.257019 111.928360
100.609291 119.385918
96.250114 145.037033
87.352951 101.991096
95.674797 76.816437
98.502121 57.640621
71.311852 63.854774
86.651558 127.713821
108.775177 146.598221
107.451874 54.217186
111.633232 199.528000
112.064438 189.507736
85.928795 247.221313
113.684891 158.753769
122.153503 73.096626
71.404045 128.845306
110.701141 72.091560
101.511986 59.992092
93.576904 54.250923
80.138893 60.133320
53.304932 85.142303
120.154289 184.842377
122.680626 173.966507
116.041725 105.455261
143.474274 156.971344
134.728241 70.991119
97.512291 184.335938
99.984306 51.364529
87.421638 74.986168
106.593849 59.549068
110.095848 87.047890
96.472572 66.940758
84.994400 73.700821
50.558884 54.752930
101.652504 203.261856
101.351585 59.978886
73.836349 58.328930
122.292313 77.229630
112.326904 98.307724
91.478401 75.301353
122.857132 100.290070
107.522675 55.816547
85.543327 243.679977
54.236435 113.826927
101.080254 138.552979
122.062386 84.263329
110.991936 61.526817
109.505966 84.514107
109.406746 120.919945
65.434898 179.136078
106.412155 53.167305
94.342133 61.004910
108.419273 65.652390
100.878944 148.809753
107.120712 166.599289
103.886856 245.107330
103.928062 60.147217
122.009232 70.125717
103.288055 147.012894
123.117844 72.604378
100.166626 136.125732
65.493927 68.308784
83.993584 212.370193
58.078529 119.418045
77.195213 214.765503
108.138893 69.747154
113.869812 104.214691
110.016678 52.676964
76.541603 88.911041
103.862495 97.933632
112.800697 104.328110
88.622444 77.415199
58.743935 55.255009
86.719902 83.488480
97.350510 56.602070
105.455261 116.041725
106.469849 76.751038
115.421944 137.934097
108.049812 71.997856
96.102432 70.920570
71.815971 66.727325
147.476852 60.571556
98.851654 81.578659
76.569099 50.290241
108.309830 83.156578
104.455315 149.976486
99.250214 103.888702
99.826691 79.035965
98.307724 112.326904
119.467377 80.571472
109.765678 65.247734
101.145325 159.953629
92.932602 52.956440
106.193459 67.182922
77.198441 138.899323
98.469528 61.368893
103.424706 84.471855
118.684860 108.452377
108.538582 164.371582
98.680054 176.044205
146.598221 108.775177
100.735168 76.348015
90.123260 177.598328
107.257645 199.768875
99.286858 84.874458
72.469299 70.540337
53.031826 60.075920
105.382744 129.171555
102.036011 122.471535
87.047890 110.095848
121.487541 74.299133
113.745888 144.829880
69.980537 95.297180
112.858765 81.424339
109.077660 66.881874
93.920853 59.373985
95.164436 120.836029
90.914658 65.093758
113.141151 52.246490
121.424004 54.340755
133.541046 149.108749
102.151276 92.917458
105.733757 50.399452
94.602058 195.901291
59.529690 59.587715
71.528175 88.695648
108.090096 232.919968
113.249046 101.515625
109.548294 53.031845
85.335335 52.292477
105.735008 62.560871
82.846581 66.300697
111.256844 158.450775
76.677788 112.608482
107.570190 54.607922
91.134392 73.427109
88.197479 58.986835
80.963234 63.802437
53.329659 52.055801
90.622192 78.322105
116.809540 54.282211
87.752846 59.892269
50.228374 165.539474
61.560955 55.709812
128.401230 159.678375
78.743401 57.297062
109.267059 86.674049
78.396507 88.842102
93.548027 122.107330
128.039688 62.635433
101.017487 103.100731
100.600250 72.957741
107.402100 155.743164
118.440430 155.468658
74.617798 50.718513
74.618172 101.127457
77.097786 127.028069
122.107330 93.548027
67.672005 71.615868
97.024841 135.557800
94.281738 82.390030
93.002968 120.178261
86.559105 52.456264
83.845818 128.122559
54.256554 249.064819
83.334557 132.906662
108.645767 61.581585
93.801224 79.679276
78.750481 114.839371
107.345673 55.473888
78.441521 63.707748
113.053421 63.536469
94.252472 63.132404
92.506866 72.462578
99.315323 150.090469
119.696426 51.185024
105.599228 52.140991
90.309196 61.665707
108.511986 81.763336
87.414421 69.739319
108.163788 145.668503
77.295280 53.033447
58.795044 54.452118
99.479904 79.347748
96.309532 68.114670
132.955841 56.501755
93.322784 196.885742
88.351372 63.473846
76.348015 100.735168
91.287994 51.602112
101.258667 55.937515
52.246490 113.141151
52.948769 95.737488
89.880768 75.632759
88.062622 67.650330
102.581345 71.083580
136.359741 59.512928
81.982689 86.034622
70.162140 135.062851
110.191025 67.842712
91.414482 198.035995
99.159393 98.408455
75.108215 68.107590
74.821999 52.674480
84.457642 165.166840
109.599419 85.891220
75.321678 99.065536
86.629936 83.622505
105.189941 56.503830
81.077217 186.377411
97.108574 65.746155
97.940460 53.517921
83.091309 104.888634
107.937820 75.640602
99.373810 127.867363
96.957909 87.459892
92.922081 79.379120
96.480049 60.118862
72.965279 203.223236
74.093452 58.375755
75.807579 58.875710
106.310783 72.307556
99.233238 196.555557
101.374176 54.979481
90.055367 54.293243
79.787735 54.452366
95.978851 91.140320
55.415756 132.985153
82.753784 166.399078
94.643158 93.379265
96.235313 68.034790
89.750702 124.427750
82.136795 89.664726
118.245979 64.382286
83.163177 88.522087
98.814278 77.558449
60.674648 215.811966
98.302162 84.685715
68.629608 81.202408
98.242989 90.276291
99.580811 77.873238
118.758545 57.393948
114.860001 57.381542
74.134506 72.814072
103.604706 107.885277
88.911041 76.541603
128.094604 76.259781
83.278442 161.862915
101.744110 88.281174
87.093895 109.716255
74.318863 123.994698
107.267097 134.393173
102.028656 57.099838
82.531372 55.681087
103.382950 51.319763
89.978127 98.711403
108.244431 97.115265
88.652634 53.838711
61.581585 108.645767
61.369820 106.015900
110.898308 95.726906
127.713821 86.651558
96.804253 123.087593
86.320595 57.298325
82.524551 109.117027
93.175880 108.559761
83.775230 53.159542
84.004303 232.477188
111.717789 100.755661
130.410522 71.355232
73.723495 107.852112
50.845425 100.130348
85.462601 90.474373
81.556602 104.531143
110.743866 52.218353
60.147217 103.928062
79.224495 62.532928
80.579453 55.101299
89.460312 57.843700
98.408455 99.159393
75.482521 69.336212
60.268559 112.710014
95.480675 159.098007
106.185196 76.322014
62.028076 55.799698
89.349396 79.770088
55.230778 69.217339
88.281174 101.744110
62.399601 85.671188
89.177032 52.789886
76.305214 187.647781
92.534027 74.651794
96.494560 149.050507
96.413216 52.662434
92.917458 102.151276
114.193855 111.637680
99.889183 69.476402
53.663948 204.864456
96.842743 174.939133
91.040955 82.682800
98.722893 70.996780
105.286957 54.775097
96.446663 65.026047
55.417717 58.275883
113.906433 69.358734
76.671913 125.112602
81.939713 59.189583
82.863464 85.483620
82.325546 67.147369
76.424713 123.255989
114.649895 69.616928
59.753349 185.930923
84.241524 167.176712
85.456345 122.267181
93.976006 59.989002
110.071098 50.955002
97.770340 86.925362
75.875435 56.542416
89.875328 72.142120
71.462677 120.340065
104.229820 132.181351
97.981026 122.598152
110.784691 116.206146
106.157974 59.192032
89.861290 60.384102
90.249420 109.269386
118.725632 124.094902
132.581940 165.790466
78.182236 59.856693
87.266563 55.000938
88.809135 51.397522
58.733311 61.225243
82.195824 53.616459
69.881004 58.548126
86.509140 62.526169
91.403305 67.453598
85.150635 63.346294
97.851891 69.669571
107.974892 183.509521
76.887367 212.060150
85.115433 93.303474
57.269558 61.337444
87.829567 51.812576
96.888901 50.135967
141.778290 75.768135
50.968128 121.825066
87.169930 208.606995
77.873238 99.580811
113.565918 54.822884
55.329609 141.236237
87.212379 154.920029
69.280235 126.183716
57.203537 86.497116
57.679535 52.769989
68.478767 68.681458
120.931877 57.137054
90.876404 149.895554
88.842102 78.396507
111.928360 102.257019
103.648140 56.507965
65.093758 90.914658
104.797394 157.243484
69.364861 78.694893
92.466522 63.712471
56.189568 170.549179
63.393864 108.060844
90.826393 235.843918
72.530556 84.770569
65.247734 109.765678
58.008190 59.210236
69.217339 55.230778
67.412552 124.020958
88.522087 83.163177
90.300743 63.002098
104.178268 92.560165
98.195236 81.403336
100.055511 125.211517
84.874458 99.286858
56.249691 53.804546
81.863380 151.193222
80.198250 57.546318
106.603340 55.695999
50.454525 82.041718
85.714752 72.983559
89.310699 226.351837
99.501259 99.047455
79.780815 56.171642
68.364738 181.290771
83.462105 51.606831
52.954578 51.997894
96.879822 69.403740
78.963684 62.233154
123.965355 73.488686
76.816437 95.674797
98.339439 100.215416
55.095814 55.220055
75.393814 58.615593
56.664089 117.276596
71.615868 67.672005
90.202057 87.346062
71.997856 108.049812
80.287399 102.596458
120.585510 80.398392
63.473846 88.351372
103.080208 76.330658
96.601357 129.904678
77.228577 52.753990
69.660942 52.292015
93.605057 193.794952
81.048126 69.116623
92.736580 52.796135
73.645943 159.354492
68.342651 160.602448
56.623226 53.421310
91.761589 116.542160
92.305771 51.613628
116.865479 108.169983
89.526733 216.628448
88.354034 54.426136
84.941628 54.182625
82.246338 217.620285
72.212334 58.568649
84.539894 101.936783
68.817627 64.458824
61.226116 161.404984
79.266685 65.650307
81.403336 98.195236
100.755661 111.717789
63.111691 135.898987
97.978279 173.502945
73.271912 79.311287
79.311287 73.271912
92.369873 77.397118
91.471390 69.859383
76.704010 53.426533
99.715836 199.685852
108.144432 216.714722
73.732246 73.095474
70.518967 51.547314
80.236740 191.686813
89.573074 60.957966
75.466599 55.365276
73.949585 166.033203
93.159775 56.083122
95.727455 66.723053
75.662292 67.296181
82.251923 80.236031
97.933632 103.862495
76.033623 205.508438
110.579445 62.125916
99.419327 178.451172
67.859978 99.354530
79.035965 99.826691
69.086906 203.027313
68.140213 55.814133
76.656487 78.354874
77.936310 141.258530
71.702988 119.119308
90.347862 50.930332
73.505928 54.493835
74.265778 68.584328
87.848442 100.805122
62.159206 56.162773
73.889809 56.173859
77.960739 165.573090
85.780075 72.802948
77.453857 74.366951
75.881508 177.794708
78.217804 131.515991
87.708008 64.576706
86.447792 94.006531
65.652390 108.419273
104.765778 63.780914
99.379166 106.230774
89.315239 75.785255
96.101303 62.305809
86.420059 58.723965
83.998795 151.857803
100.130348 50.845425
76.155228 256.042023
85.851372 64.406784
71.594414 104.423706
84.698769 57.850700
95.364357 160.192154
95.737488 52.948769
84.630409 155.221649
85.164986 128.209442
74.261765 77.176796
101.872475 52.329826
88.083771 79.685547
78.152260 59.839901
80.349609 52.408226
68.584328 74.265778
107.214958 66.125793
73.688934 68.657417
96.327965 135.039078
90.234062 76.436653
87.656105 56.045925
88.541084 53.827854
89.104431 122.584030
84.811638 76.615952
108.452377 118.684860
61.056576 174.313797
70.540337 72.469299
73.506317 71.460121
70.882881 68.544006
82.208458 118.366508
71.156471 52.244022
50.980446 150.144318
80.200684 178.062210
62.252491 51.987999
87.111343 65.679886
54.586365 68.198685
110.248398 67.944611
76.636024 165.681931
84.757309 53.659912
80.956779 114.673347
69.616928 114.649895
68.560349 72.323364
61.586632 113.911827
81.424339 112.858765
86.168930 129.916977
79.770088 89.349396
91.799973 56.795475
72.323364 68.560349
95.297180 69.980537
89.664726 82.136795
82.087646 217.941483
90.533127 189.469101
50.662697 51.115044
69.530807 68.068993
88.089050 71.575836
86.674049 109.267059
77.825356 139.057434
95.146912 245.675751
53.017262 205.896469
91.522919 214.982361
99.461800 107.559105
92.486015 54.701206
60.271507 61.803345
91.140320 95.978851
85.483620 82.863464
70.034317 110.988327
74.305382 64.672302
95.504341 62.447094
56.803574 93.170563
91.757133 148.080475
86.165886 126.963837
81.852158 58.349598
104.723244 55.800545
76.930130 68.971672
77.412910 113.586754
71.854950 125.608025
91.498718 125.980827
75.590866 101.374641
86.162071 56.299252
83.076630 51.452744
88.583855 167.496658
74.452408 52.890671
78.694893 69.364861
66.463333 210.514816
85.620972 63.238373
84.166916 58.735233
89.776581 134.528717
81.939903 52.563705
84.770569 72.530556
95.726906 110.898308
85.405838 58.030300
93.586426 134.799347
91.722252 64.387459
87.565804 59.790955
87.833633 150.589264
101.023323 68.454147
57.546318 80.198250
81.153526 85.314819
81.969666 168.659149
71.416367 160.233353
86.934509 126.357109
79.679276 93.801224
72.010139 225.711029
75.974586 67.073982
69.855148 72.712875
81.018723 278.608002
68.833748 266.497375
86.497116 57.203537
76.615952 84.811638
60.765583 176.428085
99.188782 199.016190
80.861366 72.688972
105.329193 59.870655
95.518158 60.976555
71.178551 155.722122
78.400002 108.423607
69.330360 61.231071
58.986835 88.197479
59.016544 73.698509
52.326454 67.775009
79.429352 154.242004
78.047028 75.302132
64.465240 214.889450
91.002846 65.306061
80.103981 133.152634
85.116142 51.140881
79.230942 74.392494
83.033241 73.831154
74.281830 217.453537
111.648369 51.788494
86.925362 97.770340
81.007401 59.284527
84.824181 54.726284
91.592064 130.481064
103.807610 159.131607
87.770432 73.816925
66.410637 190.663925
102.274727 78.618889
96.138947 57.894707
72.814072 74.134506
64.846161 111.004059
100.926308 66.661079
77.688507 53.065525
97.209404 75.210182
64.387459 91.722252
86.712532 78.834053
71.191040 52.756866
83.382637 78.589874
76.460823 130.668472
82.789322 292.482635
92.720840 186.111572
61.180519 95.399910
87.388786 105.578888
61.727261 158.474869
66.063873 204.349930
87.346062 90.202057
88.841248 138.992844
62.074318 75.276375
88.183495 69.082497
66.812332 60.658260
52.268032 50.007523
73.824173 55.153580
85.565872 87.157784
67.690720 92.685776
67.326118 58.305832
94.142273 77.930725
75.381317 209.582840
89.345940 184.670929
71.585892 123.217133
66.260712 110.010178
72.091560 110.701141
77.822815 86.521851
89.625641 68.576492
75.640602 107.937820
71.083580 102.581345
78.511536 56.088993
75.785255 89.315239
78.834053 86.712532
78.012367 144.289307
101.936783 84.539894
94.701378 53.355766
71.161552 113.125916
86.034622 81.982689
78.910164 96.591454
76.129852 93.369743
85.733040 145.413330
88.966606 54.931969
87.157784 85.565872
63.148113 50.219780
86.449799 142.547379
90.810333 50.686001
76.312111 55.316643
91.800034 70.372284
76.989212 239.334045
78.313515 56.052235
68.681458 68.478767
78.853851 201.543732
51.319763 103.382950
91.476997 107.830132
55.384998 121.273949
70.578239 55.586098
86.603584 192.032303
58.542465 194.794067
67.182922 106.193459
77.366074 246.657562
101.950821 73.561920
86.103020 121.518120
92.780403 64.481201
81.202408 68.629608
104.903557 136.302872
70.971458 137.586166
93.126282 122.087799
95.204826 127.429527
70.580338 134.631943
76.745003 262.641296
97.209564 59.963963
95.094032 64.179337
61.887165 157.829117
60.410484 64.051155
66.310677 64.721298
67.565659 90.728409
76.330658 103.080208
101.749619 67.006668
94.829842 52.419075
70.920570 96.102432
75.708771 79.344208
96.004768 50.735321
77.344345 156.493530
68.544006 70.882881
67.726761 52.367352
98.778488 51.475800
83.696884 111.890045
83.631592 55.529907
83.622505 86.629936
77.477142 106.303543
80.689568 97.040276
82.631447 73.174767
92.560165 104.178268
54.311264 63.925663
88.480888 58.713818
78.363411 57.856693
78.531372 77.993774
70.199829 65.647202
91.231476 57.312870
92.660767 137.735977
75.849602 76.892586
56.403061 57.802246
92.903214 152.760498
85.425415 104.053360
106.303543 77.477142
57.656647 86.062180
73.139229 143.834869
90.241623 162.887955
58.270721 144.749130
75.331924 227.131714
93.585342 69.334404
86.014305 211.903046
87.377892 53.126385
73.427109 91.134392
75.937614 120.046555
89.757423 54.527920
51.161137 113.920227
75.351250 64.197571
57.850700 84.698769
89.803360 61.732628
51.297798 74.344276
87.949730 62.580284
93.834488 53.880367
85.733475 182.127365
74.575806 154.593262
64.802177 75.716278
72.093887 72.378136
66.659004 291.541840
87.121613 58.866325
56.507965 103.648140
105.578888 87.388786
90.699455 71.330116
114.946739 50.752708
92.347160 61.776642
62.449898 77.436035
79.429451 158.493484
83.338585 166.172089
88.772217 55.029602
77.177643 53.019768
86.968292 243.535355
63.705845 60.114761
107.830132 91.476997
77.335442 211.290009
63.161240 101.729736
72.802948 85.780075
62.861389 156.381516
65.886879 67.923302
77.965141 54.579517
90.474373 85.462601
83.488480 86.719902
90.728409 67.565659
80.571472 119.467377
81.249260 75.129448
88.140327 70.860985
69.168182 75.820793
93.369743 76.129852
69.292847 62.869095
67.842712 110.191025
69.012131 50.753960
66.727325 71.815971
81.290482 191.251007
89.829277 63.058220
84.987167 72.505966
72.341431 50.738911
54.775097 105.286957
68.517494 156.727722
50.746044 132.082306
53.421310 56.623226
72.376457 80.209938
73.700821 84.994400
73.816925 87.770432
53.426533 76.704010
78.354874 76.656487
90.958435 69.805733
67.650330 88.062622
80.596397 50.429684
100.261406 148.994797
60.943447 60.810608
77.041794 53.933666
69.795815 75.178421
97.366920 65.518562
66.433495 215.494659
61.731907 53.477955
82.548782 54.103878
86.350327 54.439987
75.178421 69.795815
77.510040 97.590775
82.682800 91.040955
65.876060 57.998627
74.829155 131.011139
54.575325 81.520203
71.646385 78.668724
81.053116 90.787849
54.701054 73.986343
70.814850 63.743519
81.783592 61.680038
69.485451 69.514893
83.230118 61.356178
88.925995 74.170776
64.046982 62.634434
64.659813 56.911831
73.088036 165.455872
66.317566 126.519066
74.821243 191.001007
63.854774 71.311852
79.116310 53.218208
72.863304 61.635292
83.597763 66.676628
68.034790 96.235313
75.210182 97.209404
57.624485 145.335190
74.995857 132.418060
64.773842 53.022484
72.789772 105.314957
76.087151 92.283981
79.426956 108.642029
68.562462 106.549377
78.779388 79.836807
79.105606 53.703812
72.688972 80.861366
74.221733 57.652058
73.645386 172.890671
60.498043 105.401833
76.436035 51.749645
72.429100 51.724457
67.775009 52.326454
84.445175 65.711563
89.892303 130.382187
67.944611 110.248398
75.794472 252.275406
74.582832 56.164001
65.531166 71.983498
75.716278 64.802177
84.655289 53.094257
75.954552 70.268120
99.143600 70.014343
57.626572 223.605164
69.918198 57.801014
73.781578 107.631561
86.062180 57.656647
69.680099 70.056412
80.146469 118.796822
87.459892 96.957909
58.872616 70.198082
69.935295 80.135567
75.168839 89.666977
58.274380 133.029984
64.051155 60.410484
59.761276 54.848133
105.880402 53.101578
65.746155 97.108574
62.797577 84.533188
78.026924 61.469971
69.358734 113.906433
71.330116 90.699455
88.484909 57.092339
79.494759 56.527718
80.195465 189.371979
60.275574 111.808830
83.545433 52.165855
85.891220 109.599419
75.364830 179.225418
71.546570 147.445053
70.996780 98.722893
74.859085 69.896957
65.231453 52.941559
59.186947 55.938671
65.531006 142.064484
70.125717 122.009232
63.663395 101.612152
70.882141 123.205383
66.661079 100.926308
80.063438 136.619934
57.801014 69.918198
66.923325 56.513035
61.897530 153.403412
72.200356 101.873589
79.836807 78.779388
53.998226 62.915565
72.462578 92.506866
70.594032 65.673714
63.802437 80.963234
84.685715 98.302162
53.966103 50.235489
67.682236 78.450668
65.584785 98.918861
79.081161 123.226738
52.245060 88.262482
63.885403 214.211411
54.193298 53.650433
64.692329 125.168900
64.062149 206.798126
57.271366 63.462662
75.632759 89.880768
55.753212 192.294189
61.555050 51.858959
77.626801 51.014267
92.685776 67.690720
71.483009 63.905155
79.344208 75.708771
67.838371 103.566200
50.499043 171.251190
53.616459 82.195824
72.142120 89.875328
71.355232 130.410522
58.543564 119.721931
77.881317 56.060154
65.971107 68.448479
78.556412 53.491470
78.804756 53.448795
78.786064 60.691990
83.642273 125.360397
53.838711 88.652634
55.938671 59.186947
84.459869 76.710304
75.768135 141.778290
85.314819 81.153526
85.211456 51.006905
69.950233 68.742905
71.790253 69.910187
55.736275 96.120049
84.533188 62.797577
86.280952 163.001495
87.753601 190.552673
61.807892 50.185215
55.800545 104.723244
74.986168 87.421638
65.653587 157.108032
86.792747 57.157627
62.547935 118.400711
51.667248 159.075226
67.457977 57.333652
69.191559 53.078983
55.047329 51.566162
76.365829 54.796318
75.323166 158.010208
74.299133 121.487541
64.179337 95.094032
71.551552 154.245911
57.894707 96.138947
50.686001 90.810333
69.896957 74.859085
71.986290 58.053268
62.157513 51.262955
78.181618 50.072659
75.302132 78.047028
69.514893 69.485451
62.869095 69.292847
70.372284 91.800034
65.520332 98.743698
61.524643 53.525063
81.126015 113.085655
67.620789 82.997490
69.768700 200.792038
76.658485 144.806885
55.835228 159.656158
78.749626 69.882820
73.747810 185.792801
77.730553 157.121643
72.452309 72.196411
77.868950 54.909290
82.041718 50.454525
85.671188 62.399601
62.532928 79.224495
70.396996 55.813351
65.647202 70.199829
67.015884 67.505363
82.386879 189.319168
79.002296 78.107452
69.519630 261.626099
77.421211 79.749504
57.972385 56.085251
62.842136 155.919189
68.742905 69.950233
59.870655 105.329193
82.623367 50.846867
80.398392 120.585510
68.227272 64.665901
71.700951 162.930481
71.713432 60.327297
53.779137 54.929317
60.863419 95.144165
64.824997 63.674515
63.473930 189.553696
68.069786 51.342957
55.799698 62.028076
69.805733 90.958435
68.510849 155.647781
57.131165 177.511261
73.831154 83.033241
81.578659 98.851654
69.995514 116.718231
69.403740 96.879822
69.920944 67.810638
55.922871 50.424385
64.382286 118.245979
55.480209 138.180191
84.534401 50.842163
67.742638 79.713646
67.761169 102.969154
75.049545 53.018646
63.974098 190.767197
70.540047 173.304169
62.146141 137.678726
58.884075 96.004570
78.234795 121.570160
75.276375 62.074318
63.132404 94.252472
71.995819 215.249130
59.105991 56.522793
52.284100 95.774620
80.213997 114.208321
71.983498 65.531166
68.107590 75.108215
62.131443 71.571320
54.598377 137.073410
79.018730 51.238846
65.414207 68.706139
62.106552 175.817429
82.087532 98.056320
60.462833 94.664650
75.820793 69.168182
73.872383 111.296562
72.081078 54.093777
75.878883 187.801041
65.474831 72.647980
53.880367 93.834488
75.907265 186.565186
80.720551 51.913849
83.381996 55.307388
64.098518 161.208847
59.734516 223.932220
64.212288 106.448799
55.226753 106.211823
65.626442 141.511566
71.402191 104.208855
53.698006 68.231071
70.056412 69.680099
58.828053 74.728424
74.290398 158.765030
73.698509 59.016544
55.155415 67.867599
58.615593 75.393814
77.188347 111.025429
78.107452 79.002296
79.768494 136.290054
58.832973 65.403885
55.977932 213.982590
72.576347 104.767715
71.571320 62.131443
66.581963 57.639103
68.068993 69.530807
68.221687 61.466084
76.861961 121.144257
69.310799 53.036964
74.369965 111.222626
77.677193 52.133389
70.268120 75.954552
76.710304 84.459869
81.763336 108.511986
57.145092 142.145584
72.730537 89.928284
72.307556 106.310783
63.531704 50.994713
70.857010 104.020050
80.710007 98.171486
56.647339 206.421371
83.264153 57.768127
78.830299 52.118889
71.503708 94.582878
66.940758 96.472572
72.505966 84.987167
60.777229 164.638474
61.508514 57.030674
58.377777 187.964417
67.155365 133.496063
76.887863 212.907547
73.174767 82.631447
68.562454 129.167816
58.058014 98.359421
59.978886 101.351585
68.817848 61.526039
78.618889 102.274727
50.842163 84.534401
56.415417 158.859329
77.436035 62.449898
58.406403 59.196991
56.445805 151.723495
66.725098 105.722511
67.296181 75.662292
62.313721 111.687546
64.931091 136.657028
84.165359 116.339035
64.458824 68.817627
68.244133 215.360840
73.805473 53.871372
57.156395 255.370483
58.298130 64.647964
63.286682 159.151413
60.647896 58.046322
75.309944 72.743240
71.881004 115.905998
65.642914 133.910675
70.754662 101.207993
81.520203 54.575325
58.558064 86.780968
60.018623 127.975601
68.440163 101.323769
60.210457 71.628014
55.053772 76.621094
71.781380 79.983086
50.233261 58.647259
66.541237 171.562103
60.065395 63.448463
63.674515 64.824997
71.804901 128.180176
67.769966 58.989563
66.716850 67.228745
59.822109 103.063316
68.248665 155.880844
88.079994 58.446178
61.713455 54.684071
54.467972 60.398376
79.749504 77.421211
72.342789 220.264389
70.491455 119.151939
63.707748 78.441521
56.507610 167.438446
62.075222 170.623596
61.763058 260.036011
64.891869 135.902832
76.322014 106.185196
72.148964 197.408081
72.931206 50.442352
71.628014 60.210457
61.643158 230.136169
69.669571 97.851891
64.269020 61.613464
63.747612 74.842224
74.894356 59.343357
71.529350 69.826614
76.532990 126.138313
64.506386 70.281021
58.741508 170.582565
61.680038 81.783592
59.992092 101.511986
63.448463 60.065395
75.074539 65.683441
72.987175 55.902714
65.096588 61.732113
64.197571 75.351250
60.075920 53.031826
60.398376 54.467972
54.790001 93.020454
54.843960 193.082596
57.237919 59.711418
61.356178 83.230118
73.518158 52.290359
67.428886 231.612274
64.542648 60.631672
70.299370 98.234543
54.282211 116.809540
62.572124 50.455555
67.240662 139.839600
57.395241 104.937675
53.780701 54.930351
63.156971 58.307922
60.852779 61.510651
67.453598 91.403305
59.250420 215.882874
67.810638 69.920944
70.173218 63.722061
76.269943 50.517876
68.121712 248.944763
72.647980 65.474831
52.325516 73.390953
53.525063 61.524643
51.195930 63.901047
54.533276 141.653015
74.366951 77.453857
67.228745 66.716850
60.504143 55.622616
72.378136 72.093887
59.284527 81.007401
71.030571 67.508125
65.683441 75.074539
64.325577 148.763580
53.660763 55.152294
63.774391 155.068008
58.655128 71.700638
67.282555 119.872810
59.745136 52.875916
66.417259 60.747189
62.888760 68.205833
72.604378 123.117844
53.139542 66.412880
60.855743 166.692368
51.913849 80.720551
56.334023 57.542686
54.059216 64.706657
69.000183 106.430161
63.392368 174.554214
70.098328 157.819946
53.735664 65.708839
66.412880 53.139542
68.569283 141.605515
69.334404 93.585342
53.384094 57.678566
63.547413 50.379902
74.728424 58.828053
64.576706 87.708008
62.663517 145.380112
63.115173 123.719162
73.713966 99.894356
70.991119 134.728241
79.500504 191.109970
80.209938 72.376457
58.338020 50.743237
70.889091 202.956665
58.735233 84.166916
67.508125 71.030571
64.411873 91.303940
55.378838 163.578110
66.203362 184.523026
61.322746 208.972702
61.302391 145.994476
61.231071 69.330360
78.589874 83.382637
73.390953 52.325516
66.546410 52.197502
53.606251 59.940968
74.444008 59.371078
61.510651 60.852779
66.635033 242.694763
71.100449 56.910419
55.052189 165.878372
62.693962 263.699432
61.291462 142.595673
77.372414 64.918610
74.637001 250.094589
71.131210 159.853668
60.257584 245.066879
64.665901 68.227272
69.739319 87.414421
63.891647 173.406754
51.606831 83.462105
76.705109 142.440262
55.335110 52.905487
59.199139 144.866562
58.777218 55.888512
51.014267 77.626801
55.152294 53.660763
58.583324 109.526817
58.324898 71.573013
53.659912 84.757309
56.536186 99.950577
54.090229 129.044281
67.783768 71.467842
50.846867 82.623367
79.983086 71.781380
69.041382 55.746422
60.694244 107.203743
64.406784 85.851372
52.140991 105.599228
50.363937 219.470901
63.240917 106.718918
57.704567 244.937820
59.567467 198.207733
57.317310 92.528114
59.911709 72.710419
68.754364 213.090866
60.327297 71.713432
54.579517 77.965141
50.582897 167.866425
71.460121 73.506317
56.621620 143.498093
55.893269 97.777611
59.512928 136.359741
53.101578 105.880402
68.576492 89.625641
68.198685 54.586365
72.877243 53.191574
70.411232 170.339279
57.312870 91.231476
51.778709 121.229012
72.957741 100.600250
65.708839 53.735664
58.713818 88.480888
54.078587 60.536011
64.093468 79.133026
63.462662 57.271366
57.907452 66.071587
58.379940 165.826065
62.945194 56.999809
68.744781 108.964195
58.880455 224.869339
65.306061 91.002846
57.822216 122.841148
51.106182 161.161713
58.053268 71.986290
71.467842 67.783768
65.451340 55.015446
64.898926 146.685211
64.632477 121.033661
53.964485 127.066383
67.750809 130.569229
69.781845 194.865097
60.039246 172.216354
56.060154 77.881317
61.004910 94.342133
67.481750 171.980453
64.266701 56.396885
67.209991 192.209290
57.381542 114.860001
63.483330 51.733757
84.994606 53.223526
64.481201 92.780403
64.390770 171.247986
63.925663 54.311264
58.597019 50.516396
60.234882 63.308002
63.194359 173.262695
68.706139 65.414207
63.826782 93.737846
54.287167 226.262894
53.191574 72.877243
76.621094 55.053772
67.591080 50.991894
62.741169 204.609222
59.963963 97.209564
53.300091 52.901443
57.157627 86.792747
57.788250 155.454041
62.635433 128.039688
72.712875 69.855148
93.020454 54.790001
59.196854 194.969025
71.700638 58.655128
66.439041 141.504303
59.192032 106.157974
59.940968 53.606251
53.126385 87.377892
75.301353 91.478401
71.439781 62.240490
53.724873 164.133209
62.487888 167.517593
63.169926 114.081184
57.678566 53.384094
58.307922 63.156971
61.004894 52.661736
70.014343 99.143600
64.647964 58.298130
69.826614 71.529350
54.931969 88.966606
62.982918 100.780197
55.224316 167.667709
57.655849 53.513763
62.624176 144.621201
57.062668 195.912033
73.986343 54.701054
51.569889 53.099884
61.776642 92.347160
58.568649 72.212334
66.008293 53.169540
62.143337 141.055267
67.001297 56.399944
62.233154 78.963684
64.087318 123.403236
67.445114 134.854309
71.955383 190.407516
69.082497 88.183495
68.845665 122.601265
64.080833 54.161335
63.585674 118.176743
58.039097 100.233444
52.118889 78.830299
71.976273 53.073627
75.129448 81.249260
60.957966 89.573074
68.362236 58.017147
58.928074 181.516602
61.591843 65.910507
72.499252 62.869350
58.231220 52.997849
71.452660 100.836029
65.650307 79.266685
60.571556 147.476852
57.298325 86.320595
61.304447 61.116638
52.662434 96.413216
73.561920 101.950821
52.367352 67.726761
68.151245 59.410103
59.410103 68.151245
61.613464 64.269020
56.482010 53.794647
69.049614 125.106667
65.938309 63.279671
67.253952 148.318451
59.286106 188.577988
68.129288 166.219391
60.147495 58.735771
70.295891 55.086842
58.875710 75.807579
54.816498 93.676064
54.263611 53.945023
63.279671 65.938309
66.852249 54.634319
66.771996 204.679489
60.384102 89.861290
59.994949 204.765442
69.247368 106.016975
56.663082 92.077034
65.967178 55.308975
62.303528 66.888573
62.305809 96.101303
50.266884 151.432861
55.029602 88.772217
66.135605 111.462372
62.125916 110.579445
59.553677 200.963089
59.892269 87.752846
65.172997 114.787956
65.817345 152.916229
58.296051 50.844292
55.709812 61.560955
57.755638 65.301422
53.058292 50.661839
57.393948 118.758545
76.768288 65.382141
59.296970 64.528519
61.337444 57.269558
59.085354 64.281425
53.862755 86.862442
55.365276 75.466599
59.790955 87.565804
59.371078 74.444008
66.723053 95.727455
69.748650 147.196198
50.752708 114.946739
58.669914 126.360901
61.368893 98.469528
65.679886 87.111343
68.481361 60.161709
55.876106 85.435341
56.260292 61.004410
56.787376 52.828461
58.968163 231.260300
67.505363 67.015884
61.116638 61.304447
67.104576 51.805428
60.836941 181.935623
56.140846 55.036366
63.722061 70.173218
56.127708 164.864563
54.182625 84.941628
61.951450 230.597763
50.037197 50.448677
64.918610 77.372414
54.426136 88.354034
70.453423 57.553257
61.713230 57.031960
62.580284 87.949730
74.745232 142.455444
55.080921 51.288021
60.123936 120.989937
59.549068 106.593849
60.597557 124.323967
63.905155 71.483009
66.300697 82.846581
64.078255 96.060341
53.397522 170.612228
58.375755 74.093452
69.502968 119.703972
56.910419 71.100449
50.738911 72.341431
58.104221 97.765800
62.864292 57.433525
63.153366 105.422890
51.342957 68.069786
55.662193 117.898827
52.086548 136.503250
62.221985 126.120285
56.389336 57.528885
53.513763 57.655849
56.083122 93.159775
60.218975 56.314472
51.733757 63.483330
59.210236 58.008190
52.410614 55.537731
72.710419 59.911709
54.822884 113.565918
59.595543 94.950142
52.165855 83.545433
55.552376 220.866943
61.586811 57.817455
58.647259 50.233261
58.974316 107.731606
62.560871 105.735008
54.250923 93.576904
61.242119 126.031776
69.691879 52.805607
62.590534 51.530045
57.843700 89.460312
53.487740 111.699883
65.301422 57.755638
53.650433 54.193298
54.339035 118.966766
56.052235 78.313515
55.063908 262.504272
71.901909 138.628143
53.426723 251.579178
74.057480 51.979702
68.205833 62.888760
54.929317 53.779137
58.695282 138.206329
55.441395 146.652817
55.813351 70.396996
62.023796 56.098167
53.099884 51.569889
79.875137 55.013493
67.638702 225.765091
55.081280 55.727177
56.691906 105.605209
62.955467 185.040833
58.046322 60.647896
51.940842 175.439835
54.913513 51.738426
50.442352 72.931206
54.293243 90.055367
52.828461 56.787376
58.665329 57.369766
65.585625 117.555916
62.425694 215.159500
50.235489 53.966103
57.641335 147.614349
54.893631 134.051926
78.450668 67.682236
50.455555 62.572124
64.806129 107.656784
69.882820 78.749626
58.275883 55.417717
59.108410 74.799332
64.721298 66.310677
50.930332 90.347862
57.412582 60.972301
52.372898 124.454430
62.975117 272.537903
64.279442 160.721130
59.299587 101.453880
63.078148 59.117950
62.566250 63.607330
53.137310 95.276840
58.323795 55.914257
61.466084 68.221687
71.298065 64.847992
50.661839 53.058292
56.530949 79.384346
53.692688 127.171860
56.231853 130.907608
56.270401 86.650658
57.030674 61.508514
55.950096 83.685776
56.542416 75.875435
53.383289 59.143604
65.673714 70.594032
51.979702 74.057480
59.995975 54.000988
60.976555 95.518158
51.703655 172.098541
61.098866 151.440628
53.373127 52.077049
62.869350 72.499252
52.419075 94.829842
57.856693 78.363411
64.087761 207.136368
53.153904 157.864838
52.941559 65.231453
58.359192 286.310089
66.841331 184.747894
59.532326 53.918789
66.085884 97.274681
60.747189 66.417259
51.483284 135.999344
58.328930 73.836349
51.325233 50.287735
51.905872 102.286713
56.522793 59.105991
50.652462 220.948486
54.527920 89.757423
55.914257 58.323795
59.196991 58.406403
61.736870 154.059692
60.572811 169.801239
61.267570 134.880249
64.706657 54.059216
67.838997 146.963608
68.231071 53.698006
55.414753 160.592255
61.180904 122.519936
63.712471 92.466522
51.788494 111.648369
60.133320 80.138893
55.971832 139.757874
50.510601 132.974136
51.475800 98.778488
69.787392 112.093857
63.308002 60.234882
56.632248 152.106827
66.888573 62.303528
61.240005 146.575974
70.358284 133.061020
55.922138 52.212074
53.794647 56.482010
51.161633 122.583046
53.844990 54.626358
72.196411 72.452309
57.802246 56.403061
67.970345 163.147491
58.661587 54.679413
60.161709 68.481361
61.314262 183.839157
61.225643 134.938217
53.447529 106.575226
54.322598 78.910896
63.012596 124.467216
55.497898 56.113541
63.211395 55.754498
67.073982 75.974586
63.536469 113.053421
50.397099 139.159424
58.017147 68.362236
59.430130 51.712543
63.607330 62.566250
52.041679 109.285515
51.602112 91.287994
60.918575 50.884373
53.851742 114.976181
56.299252 86.162071
58.446178 88.079994
56.606586 165.365738
61.608730 150.669449
56.313293 256.370941
53.308693 147.476990
62.526169 86.509140
63.573978 124.731033
63.286304 114.818756
62.024456 143.001968
56.098167 62.023796
51.530045 62.590534
56.346863 53.284298
67.006668 101.749619
59.143604 53.383289
66.044662 90.071877
55.937515 101.258667
54.979481 101.374176
51.734871 180.474777
52.483639 225.890106
50.658157 144.975967
66.677162 227.428467
60.618340 60.445515
59.711418 57.237919
59.620777 129.674835
50.807533 53.264366
54.684071 61.713455
55.207535 89.876305
51.986397 156.826355
50.833351 144.443649
59.642273 92.819733
53.022484 64.773842
52.647690 212.345093
50.185215 61.807892
52.329826 101.872475
55.015446 65.451340
50.735321 96.004768
55.537731 52.410614
60.567951 63.584042
59.079571 213.125626
62.447094 95.504341
53.459583 109.361694
51.724457 72.429100
55.858910 156.460876
52.769989 57.679535
53.078983 69.191559
57.317543 57.567398
50.883480 145.363098
52.721897 113.820808
55.741806 211.098343
55.754498 63.211395
62.915565 53.998226
53.115036 173.013626
55.489349 51.394180
57.553257 70.453423
59.034653 182.990295
62.240490 71.439781
60.184505 52.644295
58.989563 67.769966
57.542686 56.334023
54.848133 59.761276
53.547306 51.768917
61.665707 90.309196
52.875916 59.745136
53.871372 73.805473
63.002098 90.300743
58.902012 135.957336
61.803345 60.271507
58.305832 67.326118
51.140881 85.116142
55.308975 65.967178
63.584042 60.567951
51.805428 67.104576
53.989258 63.266384
60.691990 78.786064
56.113541 55.497898
54.364651 167.364578
56.409164 149.833374
59.343357 74.894356
59.117950 63.078148
54.691406 61.848488
55.424267 51.464634
55.902714 72.987175
62.749313 213.685715
51.436562 118.783203
60.631672 64.542648
50.392807 101.211624
50.072659 78.181618
50.753960 69.012131
66.163239 207.203568
53.079632 172.326187
53.036964 69.310799
53.717655 80.248573
53.159542 83.775230
51.877724 107.652512
57.938854 161.317245
54.076298 260.310486
50.555965 195.132706
52.756866 71.191040
53.933666 77.041794
53.491470 78.556412
50.991894 67.591080
52.292477 85.335335
56.497311 140.703049
58.030300 85.405838
51.397522 88.809135
50.884373 60.918575
52.789886 89.177032
55.182480 180.207748
52.690704 53.370621
52.621403 50.689175
56.162773 62.159206
56.197021 103.556709
56.869667 70.200348
60.022900 143.888672
55.473888 107.345673
52.986485 95.738060
57.567398 57.317543
51.749645 76.436035
52.997849 58.231220
57.652058 74.221733
57.696163 87.011055
65.536865 157.664749
57.369766 58.665329
52.726620 290.004303
52.144073 159.597198
53.918789 59.532326
50.667938 60.622429
55.316643 76.312111
52.644295 60.184505
61.635292 72.863304
55.000938 87.266563
51.431507 122.383972
58.889835 149.820633
54.452118 58.795044
55.854156 234.461105
53.169540 66.008293
51.812576 87.829567
58.756493 311.125732
51.723526 157.239258
55.746422 69.041382
58.037270 190.184845
51.364529 99.984306
51.020569 131.856522
51.115044 50.662697
55.586098 70.578239
57.414345 114.120010
54.626358 53.844990
64.847992 71.298065
56.079254 162.524017
54.726284 84.824181
52.292015 69.660942
52.407673 52.060932
51.547314 70.518967
56.512215 175.263412
52.218353 110.743866
56.034443 157.044357
53.113293 201.232376
51.452744 83.076630
61.732628 89.803360
59.585430 106.964378
60.211773 125.782120
56.399944 67.001297
51.204792 151.985641
55.002754 118.223717
54.934219 138.703766
56.654011 51.147896
50.379902 63.547413
56.173859 73.889809
61.732113 65.096588
58.349598 81.852158
60.114761 63.705845
52.290359 73.518158
52.678936 221.762146
55.681087 82.531372
56.747505 210.270187
66.324379 99.194412
57.333652 67.457977
50.746269 118.782463
53.703812 79.105606
52.905487 55.335110
61.225243 58.733311
55.036366 56.140846
54.466652 51.014927
55.816547 107.522675
51.453640 175.531036
53.218208 79.116310
59.856693 78.182236
53.638367 114.531845
53.517921 97.940460
51.356758 90.104004
56.527718 79.494759
53.350330 143.962173
51.288021 55.080921
54.093777 72.081078
52.983936 232.481567
51.761360 95.803925
52.191288 204.038971
67.923302 65.886879
51.464634 55.424267
55.969101 54.653320
53.273842 51.572899
53.945023 54.263611
51.144199 192.155701
54.909290 77.868950
63.780914 104.765778
58.723965 86.420059
51.147896 56.654011
55.013493 79.875137
54.340755 121.424004
51.738426 54.913513
57.297062 78.743401
56.171642 79.780815
52.439629 151.590897
51.073837 148.121674
54.752930 50.558884
56.999809 62.945194
54.027138 128.210648
50.238636 58.338448
52.456264 86.559105
54.161335 64.080833
53.094257 84.655289
51.613628 92.305771
64.528519 59.296970
59.067493 142.098068
57.632740 61.059502
55.529907 83.631592
53.804546 56.249691
55.814133 68.140213
52.572342 197.378281
57.528885 56.389336
52.133389 77.677193
52.796135 92.736580
50.955002 110.071098
52.807373 184.430222
50.718513 74.617798
57.768127 83.264153
52.563705 81.939903
51.153851 131.549377
53.468510 54.503876
50.879078 139.691177
60.658260 66.812332
52.212074 55.922138
53.985249 155.243484
63.058220 89.829277
52.753990 77.228577
51.525375 244.732788
50.290241 76.569099
51.858959 61.555050
61.526817 110.991936
56.085251 57.972385
56.396885 64.266701
53.791412 127.129539
56.657410 258.126312
60.571579 206.808838
52.901443 53.300091
57.433525 62.864292
51.566162 55.047329
52.890671 74.452408
50.012016 56.274509
54.256065 165.384735
54.701206 92.486015
52.694019 221.869003
55.824356 113.440514
53.939896 129.440842
58.548126 69.881004
53.057678 67.949905
55.102341 97.820404
50.844292 58.296051
52.408226 80.349609
53.167305 106.412155
53.577507 93.912964
56.795475 91.799973
59.194786 130.613739
54.915001 168.974884
57.448772 112.391159
52.805607 69.691879
59.192226 191.153397
53.031845 109.548294
51.150406 235.922165
57.137054 120.931877
51.394180 55.489349
52.055801 53.329659
51.642036 131.198792
50.448677 50.037197
57.099838 102.028656
52.206497 189.485474
54.000988 59.995975
52.198559 53.065495
50.135967 96.888901
53.065525 77.688507
60.451485 151.526184
53.264366 50.807533
54.653320 55.969101
51.449329 117.347466
53.284298 56.346863
53.018646 75.049545
51.997894 52.954578
51.998150 138.383575
65.703728 122.327499
53.477955 61.731907
50.743237 58.338020
55.307388 83.381996
50.287735 51.325233
50.582802 123.909370
56.274509 50.012016
53.258053 102.886063
55.888512 58.777218
50.001644 187.346863
53.448795 78.804756
52.141800 98.190628
56.314472 60.218975
54.503876 53.468510
52.197502 66.546410
51.238846 79.018730
51.673630 195.074539
53.370621 52.690704
60.696274 110.394295
59.587715 59.529690
50.399452 105.733757
52.288906 208.822113
51.014927 54.466652
54.930351 53.780701
51.055313 51.773956
56.243629 78.674942
54.796318 76.365829
50.145237 104.589775
51.773956 51.055313
54.103878 82.548782
52.024776 111.023697
53.065495 52.198559
50.689175 52.621403
51.768917 53.547306
51.262955 62.157513
53.634323 125.036690
56.045925 87.656105
52.291676 161.396423
51.200535 55.127014
50.429684 80.596397
52.674480 74.821999
50.379120 103.015800
53.084763 125.323242
52.244022 71.156471
56.376259 252.449432
51.850712 128.765869
50.994713 63.531704
51.572899 53.273842
51.303547 214.854294
53.073627 71.976273
51.214970 207.066101
50.576416 162.107880
53.827854 88.541084
65.382141 76.768288
50.219780 63.148113
55.220055 55.095814
52.060932 52.407673
