2.460532531738281250e+02
2.255403442382812500e+02
4.351739807128906250e+02
1.981996154785156250e+02
1.448968200683593750e+02
1.315786590576171875e+02
6.103156738281250000e+02
4.180564880371093750e+02
3.373784484863281250e+02
6.579067993164062500e+02
2.000079956054687500e+02
3.948070678710937500e+02
3.934437561035156250e+02
4.178386230468750000e+02
2.146300506591796875e+02
2.060759735107421875e+02
2.990194702148437500e+02
3.928826904296875000e+02
2.677206115722656250e+02
4.113019409179687500e+02
5.564965820312500000e+02
2.873491210937500000e+02
4.498811950683593750e+02
5.078211975097656250e+02
4.206543579101562500e+02
2.147818756103515625e+02
5.505777587890625000e+02
3.337502441406250000e+02
2.293808441162109375e+02
5.608047485351562500e+02
2.941972045898437500e+02
3.762039794921875000e+02
1.323165893554687500e+02
4.910171813964843750e+02
2.595742492675781250e+02
1.580492401123046875e+02
2.569669799804687500e+02
2.464038238525390625e+02
4.134187927246093750e+02
2.421849060058593750e+02
4.868800048828125000e+02
2.078193359375000000e+02
1.959944610595703125e+02
2.244036407470703125e+02
4.215582580566406250e+02
1.452310638427734375e+02
1.161165313720703125e+02
4.229941711425781250e+02
2.904713745117187500e+02
3.060735778808593750e+02
4.678026733398437500e+02
2.391658935546875000e+02
9.653330230712890625e+01
2.798129882812500000e+02
2.645087280273437500e+02
2.184999389648437500e+02
1.194312133789062500e+02
1.744619750976562500e+02
3.350205688476562500e+02
1.908160400390625000e+02
4.097609558105468750e+02
5.191690673828125000e+02
2.630270385742187500e+02
3.420567626953125000e+02
3.215157775878906250e+02
2.375426330566406250e+02
2.130120086669921875e+02
2.071537780761718750e+02
2.632956542968750000e+02
1.315410614013671875e+02
1.626118927001953125e+02
1.320189666748046875e+02
1.467635192871093750e+02
7.969699096679687500e+01
3.715635986328125000e+02
2.212567901611328125e+02
1.260605316162109375e+02
5.245991210937500000e+02
3.540235900878906250e+02
2.242738647460937500e+02
3.769842529296875000e+02
2.302745971679687500e+02
1.882097167968750000e+02
1.272234191894531250e+02
2.994580383300781250e+02
2.662194824218750000e+02
3.069591674804687500e+02
2.185935363769531250e+02
2.208656311035156250e+02
2.353324127197265625e+02
1.875134735107421875e+02
2.402122955322265625e+02
2.511373443603515625e+02
2.685827026367187500e+02
3.600485534667968750e+02
2.189480438232421875e+02
1.183622512817382812e+02
2.550985260009765625e+02
1.472897491455078125e+02
3.756555175781250000e+02
1.254628372192382812e+02
5.062206420898437500e+02
2.521163330078125000e+02
1.979138336181640625e+02
3.291160583496093750e+02
1.518742523193359375e+02
2.995833435058593750e+02
3.588772277832031250e+02
3.416173400878906250e+02
1.656023406982421875e+02
9.557337951660156250e+01
1.156325302124023438e+02
2.777648620605468750e+02
3.231553039550781250e+02
2.307244720458984375e+02
1.877130279541015625e+02
5.276774597167968750e+01
3.062651367187500000e+02
2.410561065673828125e+02
2.165975646972656250e+02
1.291952056884765625e+02
1.647891845703125000e+02
2.981947326660156250e+02
7.003209686279296875e+01
4.076164855957031250e+02
1.127282791137695312e+02
3.542058715820312500e+02
2.247400512695312500e+02
8.906970214843750000e+01
2.271827392578125000e+02
3.150367431640625000e+02
2.463556671142578125e+02
2.372010955810546875e+02
4.537296447753906250e+02
3.635687255859375000e+02
1.221208343505859375e+02
2.511266479492187500e+02
1.412290649414062500e+02
8.481076812744140625e+01
4.767277832031250000e+02
2.152268829345703125e+02
2.719371643066406250e+02
2.797072753906250000e+02
1.933559570312500000e+02
2.734987182617187500e+02
2.693160705566406250e+02
2.109404296875000000e+02
4.838446044921875000e+02
3.003638610839843750e+02
3.259101257324218750e+02
3.172042541503906250e+02
3.630762939453125000e+02
3.663532104492187500e+02
3.592029113769531250e+02
3.635737304687500000e+02
2.909408874511718750e+02
1.793384704589843750e+02
2.597897949218750000e+02
2.204318695068359375e+02
2.581968994140625000e+02
5.003048324584960938e+01
1.455688934326171875e+02
2.800922546386718750e+02
2.972218627929687500e+02
2.449053039550781250e+02
2.002054595947265625e+02
1.485127868652343750e+02
8.296408081054687500e+01
1.940179595947265625e+02
1.407623596191406250e+02
1.809589080810546875e+02
2.127885894775390625e+02
5.103644104003906250e+02
1.862698822021484375e+02
1.005519027709960938e+02
2.952730407714843750e+02
4.245444641113281250e+02
3.084566955566406250e+02
2.334714813232421875e+02
4.524370727539062500e+02
1.500499725341796875e+02
2.669970703125000000e+02
4.202672729492187500e+02
1.854017028808593750e+02
2.294530639648437500e+02
2.944637756347656250e+02
1.129466705322265625e+02
3.470660400390625000e+02
2.666397705078125000e+02
3.038798828125000000e+02
3.851112976074218750e+02
3.115366516113281250e+02
2.637252197265625000e+02
4.348209838867187500e+02
1.728357849121093750e+02
2.641301879882812500e+02
2.604717102050781250e+02
1.533286590576171875e+02
2.052204742431640625e+02
1.862194366455078125e+02
3.817118225097656250e+02
3.423043823242187500e+02
3.544389648437500000e+02
3.317179260253906250e+02
6.034257812500000000e+02
3.196504211425781250e+02
1.030595474243164062e+02
1.483276062011718750e+02
5.015254821777343750e+02
4.596213989257812500e+02
1.669001770019531250e+02
3.969706115722656250e+02
1.060085678100585938e+02
2.004086608886718750e+02
2.397885589599609375e+02
1.125463867187500000e+02
1.794941101074218750e+02
2.513170928955078125e+02
3.765869445800781250e+02
1.451011810302734375e+02
4.191241149902343750e+02
3.637340087890625000e+02
2.018290710449218750e+02
1.517552032470703125e+02
1.433570251464843750e+02
3.135824890136718750e+02
2.795718688964843750e+02
1.728606109619140625e+02
3.886706848144531250e+02
1.597478942871093750e+02
2.585236511230468750e+02
3.137059020996093750e+02
1.382183837890625000e+02
2.010407714843750000e+02
3.700421752929687500e+02
2.103841857910156250e+02
3.090602416992187500e+02
5.384424438476562500e+02
1.804136199951171875e+02
2.423063507080078125e+02
2.510865631103515625e+02
3.371845397949218750e+02
1.398034667968750000e+02
4.804747314453125000e+02
3.249096374511718750e+02
1.822615661621093750e+02
6.547232055664062500e+02
3.416521911621093750e+02
1.282086486816406250e+02
2.541544799804687500e+02
2.745346984863281250e+02
2.930863952636718750e+02
5.187648315429687500e+02
3.321188354492187500e+02
1.782839508056640625e+02
2.816799011230468750e+02
2.980831604003906250e+02
1.470975036621093750e+02
2.632808837890625000e+02
2.337366943359375000e+02
3.397466430664062500e+02
3.150874023437500000e+02
3.412613220214843750e+02
1.679936218261718750e+02
3.320109558105468750e+02
4.584587402343750000e+02
2.075016021728515625e+02
1.949513549804687500e+02
2.128876190185546875e+02
5.673461914062500000e+02
2.243519592285156250e+02
2.146541900634765625e+02
5.369563598632812500e+02
1.890726928710937500e+02
7.710588836669921875e+01
4.750489196777343750e+02
2.583171691894531250e+02
2.284628601074218750e+02
2.464365997314453125e+02
7.682049560546875000e+01
3.137694396972656250e+02
2.944719543457031250e+02
1.573568267822265625e+02
1.771818847656250000e+02
2.289329833984375000e+02
4.058411254882812500e+02
4.733324279785156250e+02
1.916307830810546875e+02
2.252950134277343750e+02
3.494585571289062500e+02
1.453367919921875000e+02
1.048790283203125000e+02
2.477988281250000000e+02
7.439950561523437500e+01
2.297353973388671875e+02
1.818447113037109375e+02
2.130652618408203125e+02
5.872796020507812500e+02
1.333861389160156250e+02
1.897622680664062500e+02
2.711128540039062500e+02
6.168695449829101562e+01
2.902467346191406250e+02
1.027482452392578125e+02
1.608040924072265625e+02
2.891350097656250000e+02
3.468829345703125000e+02
3.379615478515625000e+02
1.708721618652343750e+02
2.134479064941406250e+02
1.476406250000000000e+02
5.269783325195312500e+02
3.151451110839843750e+02
1.208465576171875000e+02
2.664562988281250000e+02
2.843466186523437500e+02
2.080070953369140625e+02
3.618249816894531250e+02
1.715863189697265625e+02
1.142931060791015625e+02
2.225627136230468750e+02
2.574756469726562500e+02
4.135294494628906250e+02
1.015325088500976562e+02
5.716013183593750000e+02
1.851248779296875000e+02
1.812139587402343750e+02
3.856137695312500000e+02
1.023234100341796875e+02
2.934168701171875000e+02
3.441196899414062500e+02
3.098159484863281250e+02
2.448283843994140625e+02
1.104781188964843750e+02
2.466867828369140625e+02
5.597131347656250000e+02
3.760411071777343750e+02
3.685197448730468750e+02
1.895817565917968750e+02
6.779878234863281250e+01
2.700903320312500000e+02
6.164397583007812500e+02
5.077403869628906250e+02
5.569374389648437500e+02
4.113981628417968750e+02
2.390076293945312500e+02
1.498599548339843750e+02
1.848108215332031250e+02
2.428101959228515625e+02
2.072124481201171875e+02
2.033973999023437500e+02
1.410487518310546875e+02
3.930827636718750000e+02
3.267598571777343750e+02
1.170901489257812500e+02
5.596753540039062500e+02
3.280881042480468750e+02
2.858995666503906250e+02
1.829387664794921875e+02
3.651908569335937500e+02
3.889943847656250000e+02
2.649567565917968750e+02
1.508983001708984375e+02
3.672479248046875000e+02
2.312120819091796875e+02
1.902219696044921875e+02
3.221496276855468750e+02
2.023529052734375000e+02
4.362033996582031250e+02
2.338937835693359375e+02
3.162441711425781250e+02
3.460495300292968750e+02
2.428935394287109375e+02
3.082013549804687500e+02
3.081302490234375000e+02
1.541797027587890625e+02
2.372470703125000000e+02
1.220202865600585938e+02
2.096164245605468750e+02
3.116555786132812500e+02
3.041976013183593750e+02
1.797335052490234375e+02
2.065224304199218750e+02
4.103718261718750000e+02
