33 1156
108 1512
109 2140
121 2448
124 2066
155 2035
156 1224
167 2735
170 2486
186 1029
187 2022
205 1762
208 1695
240 1057
243 1860
252 1811
255 1995
265 2371
299 536
302 978
319 503
322 1365
347 1530
348 374
349 753
357 367
364 484
377 1297
382 2227
390 1128
394 567
399 919
411 1832
412 1010
417 1486
418 532
422 1794
442 1149
447 1373
454 1099
459 2809
462 898
465 621
466 1870
475 2635
488 1280
491 1198
492 1886
513 2166
527 1412
533 786
542 1141
547 1251
549 2641
577 1202
584 1723
609 1190
614 1418
619 798
627 1817
632 2830
636 2363
641 1856
657 2346
664 1241
665 1622
669 2298
671 2288
674 1249
684 706
689 1970
707 1662
719 2468
733 1677
752 1838
760 1594
763 1706
775 924
777 1209
778 3216
781 1716
784 2869
808 1550
818 2469
830 2338
840 1337
842 894
860 1400
868 1553
873 1369
887 2136
896 2614
959 1428
963 1737
969 2642
979 1433
988 2256
995 1686
1014 2155
1017 1694
1018 1727
1020 1483
1023 1520
1031 2884
1034 1293
1064 1075
1080 1858
1089 2582
1091 1761
1111 2445
1114 2267
1145 1814
1176 2011
1178 1781
1181 1901
1232 2571
1239 1363
1240 1765
1242 1660
1244 1379
1252 2114
1315 2613
1341 2374
1343 2063
1350 2610
1363 1239
1366 2093
1380 2113
1390 2494
1416 2499
1417 1928
1431 1823
1437 2666
1454 1839
1476 1480
1480 1476
1523 2555
1534 2002
1540 1571
1542 1700
1548 1800
1562 2490
1571 1540
1607 1905
1649 1849
1696 2047
1702 2668
1718 2301
1732 2586
1749 2516
1761 1091
1767 2354
1781 1178
1785 2446
1800 1548
1802 2213
1814 1145
1823 1431
1839 1454
1848 1888
1849 1649
1888 1848
1901 1181
1905 1607
1914 2481
1948 2120
1953 2408
1979 1493
2002 1534
2011 1176
2026 2370
2047 1696
2049 2208
2063 1343
2091 2197
2093 1366
2113 1380
2114 1252
2120 1948
2135 2854
2144 2698
2174 2289
2197 2091
2208 2049
2213 1802
2230 1721
2267 1114
2278 1524
2289 2174
2301 1718
2327 2534
2354 1767
2370 2026
2374 1341
2408 1953
2410 2603
2445 1111
2446 1785
2447 2261
2481 1914
2490 1562
2493 2628
2499 1416
2534 2327
2555 1523
2571 1232
2582 1089
2586 1732
2603 2410
2628 2493
2666 1437
2668 1702
2698 2144
2854 2135
