-96.123726 -72.077850 -131.294373 76.145027 -190.167587 -592.006714
-70.482979 -126.120171 60.292542 12.626093 123.173775 168.368378
-24.460554 -154.027481 -327.028717 76.644989 170.725647 -440.900208
2.537717 -290.765381 -370.795380 319.026611 -131.154083 -399.742065
254.865753 113.072670 25.402161 399.721100 177.368790 -245.533783
-1.253506 124.867393 35.955795 -4.189929 260.098145 349.230530
-66.517471 -32.711468 -250.688232 68.956947 149.300308 -56.991863
1.573127 -195.303116 204.298935 -2.554973 -485.219482 129.288086
3.580053 -97.941383 271.371887 -27.626501 -126.088112 16.834003
659.914246 322.740204 408.807953 359.094177 801.473877 702.471863
-85.341965 -206.330811 339.051788 -138.388565 -474.947723 100.163330
14.835006 99.214371 219.314255 -236.271896 -45.190212 171.546631
64.897797 -91.820404 -5.391067 -1.292811 19.491699 174.168808
246.324860 265.317932 -285.196198 485.936859 184.376556 -200.148132
-193.503281 89.456398 -71.736435 -283.294708 -124.799850 49.180607
145.658188 115.178215 313.483795 -32.708012 -92.887665 259.182465
24.618361 -349.574677 -401.477783 -299.786835 28.132177 94.461540
112.212311 -131.226669 24.533833 290.546692 -71.076462 89.860786
-145.566574 335.355042 -163.850616 -302.761932 473.230927 -178.575760
76.548210 -209.882874 56.318665 7.861557 -165.124268 169.313919
-211.844513 -286.213196 -71.517525 -372.625122 -298.325287 -247.522751
58.587387 114.079742 169.263870 46.984695 -106.818336 231.120102
-320.602692 202.030746 -277.451050 4.906979 318.577942 -410.782532
-124.616264 -162.362274 -500.136810 -365.631622 -74.614914 -1.944807
309.359070 94.974106 -96.910904 341.411774 206.961441 -1.363617
54.490631 82.904358 117.431961 -16.498867 184.836029 -11.659962
-13.171121 -145.429138 228.702209 28.145479 -267.171448 145.193344
-183.410126 -354.974152 -118.554924 -277.365967 -94.658669 -33.449184
429.525909 364.959717 289.752472 338.881561 317.664551 200.608368
162.163849 334.784882 145.106644 277.853821 316.139679 114.750671
-418.401550 -11.596187 -140.531479 -297.684875 -109.199181 24.116335
79.087807 -197.230759 17.274952 -22.148045 -289.604187 -286.101379
-45.118679 386.623627 -35.882462 1.334897 259.814880 14.692531
-586.616455 -164.490265 202.973801 -713.369080 -77.252014 95.648239
-323.104248 4.448652 268.061859 -279.264404 -87.047066 469.121277
14.526068 -206.759903 309.017883 -65.593376 -192.442551 249.438995
50.338760 -0.760195 -6.207493 -21.451925 214.671967 -94.403580
361.605042 214.146271 140.189606 365.766388 177.693359 31.418411
-184.263290 -87.281570 -119.665695 -28.138077 -91.717247 55.752071
207.325760 193.214890 54.839828 196.927094 365.272461 29.833895
-56.406078 80.582359 98.438873 76.644585 62.152443 52.511311
-347.393646 241.890762 -124.520966 -375.209503 330.599091 -165.658722
-186.570740 -8.673944 61.761395 -214.763519 -179.808640 141.615540
337.372131 -72.661659 298.201935 318.171539 -171.269989 481.491547
53.371002 120.298134 -308.925751 7.817904 127.149467 -196.159317
84.217545 32.052670 -366.467804 -94.870979 129.860001 -124.052696
-281.546143 473.295593 -530.392700 -388.279633 295.056458 -160.284180
135.483994 -69.787300 40.154415 27.839346 -7.785084 27.843296
-187.617065 -140.680969 72.125954 4.421745 -28.700380 -179.859406
-185.357941 -334.351959 -159.840088 -4.542950 -399.850677 7.855093
-50.831726 81.669731 -132.075058 -13.949771 165.436386 7.181072
-365.289032 124.640968 -142.328796 -255.765915 146.285446 -222.220566
-148.591736 555.351562 -0.840145 -350.163696 511.035004 100.558456
-433.440002 22.181524 17.698471 -477.481781 -65.674324 -93.361183
276.877136 -73.204147 289.048370 343.016357 -238.183334 313.858643
-100.963638 -122.548050 -27.122429 -178.902954 -184.306290 -143.166946
100.669342 320.302948 -240.724777 -164.728516 293.002380 -422.221741
178.860703 -118.617416 -0.160285 182.058090 12.140673 -60.018089
149.834320 -119.380081 31.098913 23.547209 -196.906097 151.790894
39.739422 4.787874 38.638306 99.613609 95.255608 48.777809
149.042862 114.997803 -197.208862 212.057007 105.446030 -78.024155
35.771797 19.252989 316.511017 -3.861463 39.597420 446.065674
-211.262665 142.276291 48.552948 -61.573521 103.344490 -14.733928
-197.551514 -91.180740 -8.602628 -182.333694 -189.744980 28.532993
11.334055 229.478622 -207.814560 99.394501 -177.143478 281.722839
-175.473419 24.408466 -376.650970 -67.753273 69.457764 -262.212128
-189.093979 30.458178 -228.597992 -102.449036 37.375175 -303.917572
52.176319 26.042194 -65.668869 113.720253 29.396841 109.429855
-154.080032 62.419933 -144.029999 -179.873642 -60.581596 -267.678436
54.583881 211.619949 13.130230 161.598343 92.745811 -87.689301
113.247322 39.378471 93.288879 144.541275 -100.516884 66.429840
-232.723953 234.935272 -186.559677 -85.071030 196.660599 -228.018265
-45.423985 48.966270 193.420776 -81.140495 -106.814003 100.047241
-214.459991 77.196106 30.242069 -318.055084 175.207703 -41.634659
-97.967827 121.892479 133.068787 -130.371506 160.509262 71.908463
239.287262 281.081360 -28.669016 187.089371 505.621765 -119.585823
43.023106 171.768250 -339.833099 -14.462765 399.902466 -551.167053
243.795486 -106.216263 -255.482376 245.055817 -54.531719 -334.531158
-92.960388 -196.215866 -192.081131 -100.608154 -176.192627 -87.782906
-173.671921 -6.350571 289.747589 -282.956512 -66.795921 225.771225
-97.577614 -202.425735 318.538879 -185.576828 -86.366425 231.793823
-93.720634 -261.225311 -194.889923 -64.403549 -365.267120 -190.783936
320.682373 289.522614 -83.721298 293.047943 384.445465 -121.322617
-207.389114 -19.034319 208.693253 -251.560242 63.601242 226.280869
226.244019 -343.018768 -285.166107 284.807281 -460.983276 -222.622040
16.560196 51.862457 -78.176674 -27.707125 28.398275 -146.923080
-422.933960 67.427612 -107.212418 -515.263123 -2.943472 -163.005234
-214.704544 114.203537 -140.143341 -188.669830 174.455826 -109.070404
70.896080 26.958174 240.119247 22.727839 2.864374 127.814384
100.561501 -190.124695 51.752831 307.784637 -304.535553 -65.973869
132.367065 190.816757 210.459732 139.759766 154.597672 323.074463
-179.207458 197.215454 -212.013718 -119.830719 237.269547 -93.714874
222.895309 -161.328522 183.737961 365.528198 -155.139984 73.334930
538.899414 317.112030 -343.452148 287.692688 378.889221 -422.621307
-119.742630 -10.937502 -23.793392 -105.849579 -9.748931 123.020943
190.948837 -36.534176 71.758255 204.214920 132.131363 129.650574
-20.111719 -28.801062 126.161674 -27.379095 99.143364 160.554611
-255.842163 210.520325 -12.547113 -140.018616 44.524586 -5.294414
-81.802185 236.014771 83.230652 -28.858370 218.560349 -8.592815
306.917450 -206.856293 -153.036652 309.518158 -292.417175 -48.290066
403.613159 -225.898468 85.360573 511.243042 -225.710052 45.332066
135.148697 164.967026 90.767685 53.753479 186.004501 136.714249
264.102570 -119.492477 -151.759659 326.486115 -96.898300 -27.326984
-35.023613 -131.289780 -225.831879 -4.031228 -94.031952 -132.587280
-340.338959 -278.235931 -14.952891 -339.980286 -548.242554 -305.299652
94.514511 -28.562098 -213.243973 130.428940 -79.330482 -265.161194
-120.083015 165.964706 -85.527512 -8.512375 94.516304 -63.828075
-389.874237 -255.923569 264.362640 -294.614594 -603.023682 -271.372803
-192.925690 333.053894 88.328133 -227.822372 86.058952 -130.310303
84.157349 41.075974 398.402588 2.966764 -99.706085 436.437073
56.754795 -160.026535 -112.556602 68.431572 -66.333183 -170.934998
200.429947 137.895691 189.798187 174.750443 200.607025 74.608551
-62.867928 -287.924438 400.318024 -38.529354 130.261444 458.238251
313.310486 81.921730 75.769585 273.431610 140.843567 51.728024
210.819473 -202.638260 -57.494118 112.137146 -187.338043 -33.245686
-225.523392 183.968643 193.111267 29.759579 461.516083 -105.734085
-246.054459 319.544922 -409.088379 -207.188004 349.146912 -235.490982
-133.018631 -14.985007 506.222321 -153.424683 130.057938 475.469055
280.234344 -85.681473 154.862778 332.466370 11.299724 315.807220
-153.424683 130.057938 475.469055 -133.018631 -14.985007 506.222321
-119.493958 -653.657593 49.022591 -30.752159 -581.044006 -85.148705
72.712631 -282.221039 359.732941 73.746727 -284.159149 304.289795
267.851654 184.345062 111.545082 215.479614 79.421371 -50.205853
321.446106 80.378174 40.020870 362.901794 123.272293 -50.739674
-124.528450 14.233300 120.462776 -101.128899 38.760883 203.516602
-43.088379 -29.663708 -248.211655 55.272972 25.288639 -231.993134
-236.227005 -17.929007 151.153763 -372.449036 111.656487 184.281174
-135.188309 -4.332837 185.675049 -196.952820 -18.619989 151.897385
120.606262 68.898239 28.564875 95.216705 14.651794 4.295004
29.759579 461.516083 -105.734085 -225.523392 183.968643 193.111267
542.761108 50.446297 417.880432 530.686157 58.259953 462.802460
42.440372 -54.778969 -59.332943 18.280546 -66.934029 43.303577
-6.619633 -195.644348 275.271027 -62.982628 -120.305878 250.863220
273.431610 140.843567 51.728024 313.310486 81.921730 75.769585
-196.952820 -18.619989 151.897385 -135.188309 -4.332837 185.675049
-62.982628 -120.305878 250.863220 -6.619633 -195.644348 275.271027
-278.933807 135.472137 -229.937164 -151.799026 173.894196 -153.847702
-76.814461 -78.858330 -192.163544 -232.679596 -115.942078 -133.657501
148.165344 -323.861023 -141.531219 47.456886 -193.400024 -81.526184
-303.394318 -3.413578 122.244232 -268.381287 -73.633064 158.484497
226.591080 159.122055 47.435486 -279.316650 -141.205887 8.802277
391.944733 93.317253 166.437515 298.749420 34.020821 157.973572
47.456886 -193.400024 -81.526184 148.165344 -323.861023 -141.531219
41.720669 -78.764374 338.990784 33.493637 239.238907 384.123810
88.693306 -10.241423 -501.108887 14.980781 158.960754 -402.742706
362.901794 123.272293 -50.739674 321.446106 80.378174 40.020870
-73.574188 -696.836426 253.901398 98.459793 -731.348206 14.186675
16.939014 65.427292 -31.692453 26.580729 35.647820 5.519781
36.022232 33.666016 58.293606 96.824776 74.963417 161.128143
-358.703888 -44.292004 180.035202 -423.558472 -47.152611 148.862503
-38.529354 130.261444 458.238251 -62.867928 -287.924438 400.318024
163.614365 -332.179718 -363.227234 93.619385 -261.034302 -262.322601
-423.558472 -47.152611 148.862503 -358.703888 -44.292004 180.035202
152.132111 -55.838032 85.509361 160.529526 -72.753716 103.789207
403.470886 47.928474 301.905548 375.304810 40.347950 240.290024
-164.091934 171.792969 -206.290421 -193.221008 193.061096 -194.399933
26.580729 35.647820 5.519781 16.939014 65.427292 -31.692453
4.122062 -181.408798 211.539490 28.487120 -263.292053 186.134247
214.069458 744.911926 -116.459778 83.028717 690.708740 -165.294083
318.567078 160.515228 37.630878 306.314514 120.261406 13.361865
-123.911201 -346.374146 69.901535 77.712883 -127.387978 275.942810
98.459793 -731.348206 14.186675 -73.574188 -696.836426 253.901398
95.216705 14.651794 4.295004 120.606262 68.898239 28.564875
-233.734436 -36.668442 -72.231255 -163.099075 -0.290431 -125.075546
-151.799026 173.894196 -153.847702 -278.933807 135.472137 -229.937164
33.493637 239.238907 384.123810 41.720669 -78.764374 338.990784
26.290134 -301.194580 -9.285117 63.384933 -440.340179 247.417526
-72.351845 -428.382599 -74.007378 -103.669533 -391.082092 -119.278671
18.280546 -66.934029 43.303577 42.440372 -54.778969 -59.332943
-232.679596 -115.942078 -133.657501 -76.814461 -78.858330 -192.163544
-46.808460 -110.672409 -171.899399 156.073761 4.213421 -171.380737
379.014526 197.369766 -319.424652 324.254150 141.579819 -356.212830
236.314651 -102.536438 208.815292 244.969070 -11.982268 150.404007
-101.128899 38.760883 203.516602 -124.528450 14.233300 120.462776
-268.381287 -73.633064 158.484497 -303.394318 -3.413578 122.244232
34.832005 -102.342155 179.906570 63.924938 -77.024178 86.643158
-19.881159 71.462044 253.271515 -23.507963 271.171936 254.446991
19.645859 95.312836 155.730316 -34.321938 62.915173 194.203857
160.529526 -72.753716 103.789207 152.132111 -55.838032 85.509361
83.028717 690.708740 -165.294083 214.069458 744.911926 -116.459778
298.749420 34.020821 157.973572 391.944733 93.317253 166.437515
-103.669533 -391.082092 -119.278671 -72.351845 -428.382599 -74.007378
-267.546143 -80.361366 56.130722 -92.425285 167.667480 37.500015
-87.195847 186.974762 -323.738098 -97.464363 135.040741 -231.490936
55.272972 25.288639 -231.993134 -43.088379 -29.663708 -248.211655
375.304810 40.347950 240.290024 403.470886 47.928474 301.905548
-97.464363 135.040741 -231.490936 -87.195847 186.974762 -323.738098
94.075775 105.289597 -557.392273 91.339348 123.339828 -587.959656
91.339348 123.339828 -587.959656 94.075775 105.289597 -557.392273
324.254150 141.579819 -356.212830 379.014526 197.369766 -319.424652
-23.507963 271.171936 254.446991 -19.881159 71.462044 253.271515
-30.752159 -581.044006 -85.148705 -119.493958 -653.657593 49.022591
-55.694855 -14.630676 44.242023 32.651318 -16.961378 180.324249
306.314514 120.261406 13.361865 318.567078 160.515228 37.630878
332.466370 11.299724 315.807220 280.234344 -85.681473 154.862778
-193.221008 193.061096 -194.399933 -164.091934 171.792969 -206.290421
63.384933 -440.340179 247.417526 26.290134 -301.194580 -9.285117
96.824776 74.963417 161.128143 36.022232 33.666016 58.293606
73.746727 -284.159149 304.289795 72.712631 -282.221039 359.732941
-279.316650 -141.205887 8.802277 226.591080 159.122055 47.435486
-163.099075 -0.290431 -125.075546 -233.734436 -36.668442 -72.231255
63.924938 -77.024178 86.643158 34.832005 -102.342155 179.906570
220.293961 98.330765 7.101976 -0.975602 200.700119 -159.608444
244.969070 -11.982268 150.404007 236.314651 -102.536438 208.815292
14.980781 158.960754 -402.742706 88.693306 -10.241423 -501.108887
-0.975602 200.700119 -159.608444 220.293961 98.330765 7.101976
530.686157 58.259953 462.802460 542.761108 50.446297 417.880432
112.137146 -187.338043 -33.245686 210.819473 -202.638260 -57.494118
-372.449036 111.656487 184.281174 -236.227005 -17.929007 151.153763
-207.188004 349.146912 -235.490982 -246.054459 319.544922 -409.088379
