2.193723907470703125e+02
9.592414093017578125e+01
1.328913726806640625e+02
2.366772460937500000e+02
4.912029266357421875e+01
9.376550292968750000e+01
1.310984191894531250e+02
8.868116760253906250e+01
1.824678649902343750e+02
1.018220062255859375e+02
2.532704162597656250e+02
1.504629974365234375e+02
4.326187896728515625e+01
5.857534027099609375e+01
1.079828033447265625e+02
1.867004241943359375e+02
8.958274078369140625e+01
6.570904541015625000e+01
1.278894500732421875e+02
2.935308227539062500e+02
1.360230102539062500e+02
7.637242889404296875e+01
1.650886688232421875e+02
3.207395019531250000e+02
4.903921890258789062e+01
2.252342834472656250e+02
1.187748489379882812e+02
1.938217620849609375e+02
7.411695098876953125e+01
1.120055236816406250e+02
1.951510620117187500e+02
5.551972579956054688e+01
2.825476989746093750e+02
1.390100860595703125e+02
6.059244537353515625e+01
8.419697570800781250e+01
1.933898620605468750e+02
8.725826263427734375e+01
5.204189682006835938e+01
2.768612060546875000e+02
1.247711868286132812e+02
1.431692352294921875e+02
6.598970031738281250e+01
1.618155059814453125e+02
6.914054870605468750e+01
