507 28871
521 47143
528 25676
651 29898
712 16903
761 38864
787 41225
830 18440
941 34978
947 26147
957 28148
976 39542
981 31229
1029 60201
1059 21547
1090 55684
1142 54546
1152 13376
1155 54841
1176 45729
1186 39228
1232 17430
1236 46466
1240 42236
1241 57781
1268 39024
1328 56490
1340 54596
1346 44253
1366 51940
1396 26674
1450 46767
1467 32246
1473 43562
1494 37299
1521 50929
1553 30946
1578 30181
1588 34144
1602 34347
1640 59974
1646 48414
1684 18892
1697 31755
1703 27620
1718 55477
1764 49920
1770 41738
1773 46742
1903 41232
1944 45308
1946 40399
1962 47697
1966 21339
1967 24348
1985 20764
1993 49670
2000 55689
2054 42972
2096 40333
2126 31387
2133 32876
2144 53932
2190 61292
2210 19891
2214 29283
2257 29371
2261 14614
2274 39177
2285 35949
2292 60373
2303 27487
2315 55343
2321 15145
2328 45977
2334 55968
2338 40979
2347 50836
2363 33595
2396 16020
2409 35769
2419 14653
2437 59582
2438 43683
2445 44913
2452 45911
2462 35821
2466 21506
2473 21000
2482 36679
2492 45609
2493 58882
2507 21428
2531 29763
2535 40074
2541 28984
2555 42079
2600 26752
2630 54297
2635 15753
2642 31017
2647 16967
2668 39154
2670 20670
2671 51899
2709 48933
2710 36329
2712 22265
2719 26159
2725 20031
2744 47404
2748 35938
2750 38727
2758 26217
2761 56488
2764 42751
2781 41845
2790 53498
2792 36210
2835 65436
2843 40863
2861 16943
2863 51064
2865 59422
2880 53557
2921 45045
2930 12737
2933 53104
2951 36786
2953 12477
2972 35849
3025 34034
3029 32706
3033 39238
3039 34157
3041 50852
3070 35416
3082 55262
3101 36566
3110 49754
3111 25551
3113 34507
3114 15637
3115 28477
3119 40366
3136 48764
3143 42300
3145 32752
3152 37125
3175 46625
3194 35936
3209 44750
3211 20842
3252 47169
3253 35242
3270 22069
3271 40243
3293 20491
3306 24233
3318 24620
3321 19048
3322 38153
3330 29741
3348 31360
3349 40614
3354 40810
3361 5656
3368 51909
3375 34165
3388 31417
3398 29666
3405 49439
3406 39596
3408 57614
3420 42708
3439 46162
3441 13393
3445 8569
3447 41628
3493 44904
3501 26250
3509 31329
3540 27788
3543 33680
3561 40596
3564 38615
3580 15086
3583 57737
3589 27598
3607 32771
3637 35553
3660 28487
3668 50409
3672 34196
3684 49179
3696 31684
3726 23148
3751 11033
3756 53412
3760 55599
3779 33228
3785 31460
3803 38157
3829 31984
3834 28655
3847 23388
3849 39066
3860 21770
3864 37267
3876 42003
3882 46555
3886 18049
3895 8561
3896 13766
3918 37953
3925 19911
3927 15772
3928 30216
3929 24685
3940 29939
3946 49898
3949 32300
3952 44901
3962 25990
3965 25430
3969 48134
3970 14765
3978 46614
3983 21051
3986 30318
3987 16447
3991 50007
3999 10565
4019 11492
4020 45103
4035 51336
4037 50680
4043 25286
4045 23127
4070 32849
4072 30769
4078 27167
4080 40604
4117 39243
4122 54685
4144 43641
4163 16293
4169 12955
4182 27095
4197 21678
4200 60546
4204 32124
4209 39986
4210 38670
4212 35733
4227 39555
4245 23629
4246 27687
4249 51781
4268 19286
4275 18485
4284 32016
4298 16855
4306 13636
4313 39968
4329 14992
4333 19938
4336 18288
4337 23128
4342 32345
4355 31850
4356 53944
4369 24597
4374 19856
4390 58274
4406 47348
4407 28669
4418 43207
4428 25263
4438 12177
4439 15005
4479 26640
4483 19261
4490 43766
4493 36166
4518 22721
4529 21686
4548 43032
4558 53860
4585 24601
4586 11234
4595 52494
4597 40509
4611 16318
4637 21577
4639 48542
4644 56276
4648 26467
4675 36942
4694 31189
4699 48772
4707 38021
4713 23904
4715 53213
4726 32379
4739 50368
4740 36586
4741 49540
4747 20093
4763 46235
4766 49080
4771 44086
4787 39906
4789 16851
4811 11550
4816 10308
4822 25801
4835 32840
4842 49520
4893 21595
4895 24950
4902 13433
4907 57645
4932 11899
4940 28134
4944 45632
4946 51162
4951 41346
4953 22267
4958 12347
4960 28734
4968 20516
4975 46599
4982 43448
5012 38085
5023 36627
5027 28373
5034 46903
5047 27320
5053 44126
5056 22484
5066 26289
5088 22889
5109 44998
5118 30582
5122 46774
5137 28453
5142 8213
5157 21504
5169 39458
5170 42424
5185 5667
5191 18379
5199 16767
5212 30860
5213 54789
5226 58342
5235 32681
5256 49646
5281 42491
5288 55672
5298 45451
5313 30858
5315 53076
5320 42441
5326 40511
5333 47926
5336 37944
5342 47477
5343 48811
5345 12292
5361 51995
5366 55059
5374 50866
5383 56446
5410 46053
5427 7978
5440 55136
5445 23152
5447 9662
5471 15809
5475 6371
5485 44590
5502 39494
5512 23413
5519 49095
5523 54102
5527 11047
5530 48920
5574 11517
5582 16762
5609 42013
5610 27195
5611 21088
5626 44530
5627 44219
5637 49437
5647 14403
5652 24807
5657 52626
5663 34718
5692 9300
5698 12810
5706 11162
5711 15650
5723 21299
5727 11310
5756 32880
5766 44716
5773 53252
5785 45535
5808 48147
5851 45796
5863 31250
5869 37533
5875 19824
5881 30823
5890 32893
5895 19840
5897 25446
5903 16944
5919 24516
5954 58292
5964 12603
6007 40967
6040 35536
6045 29716
6049 49635
6052 60497
6077 50006
6097 29586
6106 49761
6112 38047
6116 29521
6121 29641
6124 22604
6155 23731
6168 38822
6176 22880
6179 54156
6191 13590
6193 21971
6201 8942
6204 11055
6212 38865
6215 56992
6221 24469
6222 39709
6225 7609
6233 29854
6243 45237
6249 48598
6256 20400
6258 20826
6260 55334
6262 37139
6266 24633
6276 25927
6277 28839
6283 8171
6292 42487
6296 42623
6297 29701
6299 6976
6301 6874
6303 40188
6311 8459
6328 31281
6351 38683
6361 29843
6362 21327
6366 40626
6374 52956
6377 51659
6395 21008
6403 25799
6412 29971
6414 9955
6422 54037
6440 49159
6442 55600
6444 41197
6449 26141
6452 54918
6454 25662
6456 29203
6460 50448
6461 28078
6464 40753
6482 21549
6486 56179
6490 34356
6491 28804
6493 9065
6494 8677
6502 32833
6568 29738
6571 43220
6586 52868
6591 13968
6602 36274
6613 11240
6626 33512
6632 47397
6634 48218
6640 13813
6643 19443
6645 35915
6650 14348
6657 14487
6660 16737
6663 58766
6681 7565
6683 32254
6684 39239
6698 40184
6699 31048
6705 20534
6716 32829
6717 35304
6723 46044
6737 23147
6743 11515
6754 9131
6760 14812
6765 8013
6794 59256
6810 45823
6811 21098
6820 14317
6835 9960
6836 20199
6841 17399
6846 17953
6858 18650
6862 40917
6903 39069
6914 12110
6928 41752
6943 44114
6950 48020
6962 50151
6965 51917
6967 56724
6989 28825
6997 52944
7004 28452
7006 7666
7017 45600
7019 23346
7044 36377
7050 13048
7061 29935
7073 8915
7078 26263
7082 37572
7089 44477
7101 29744
7104 13358
7122 26580
7139 18394
7154 26404
7155 29774
7165 34219
7166 13744
7170 25849
7177 13362
7206 11838
7208 30885
7211 26357
7222 30146
7224 47971
7236 40494
7242 13168
7243 13950
7259 55581
7261 20365
7266 14918
7269 35385
7271 30631
7272 51160
7280 42060
7292 52594
7299 53873
7302 36071
7305 22295
7312 37145
7314 36901
7321 29532
7324 27802
7327 36649
7331 54798
7345 34233
7353 7567
7374 32185
7379 48345
7405 14180
7411 36561
7419 10461
7422 46047
7429 39399
7434 8864
7435 25448
7437 52296
7457 15451
7474 38698
7475 17492
7481 54745
7484 35913
7500 18172
7518 18584
7550 21799
7555 13245
7560 50326
7561 41295
7564 24097
7566 48131
7568 48855
7580 60155
7583 38311
7592 31157
7601 36465
7637 34538
7647 21053
7671 28282
7697 33669
7698 13815
7702 19909
7724 19741
7744 51699
7769 25311
7776 39592
7783 21591
7786 48807
7789 39810
7796 34997
7799 55881
7802 22429
7805 19052
7812 23107
7835 20880
7863 46187
7873 16791
7875 8348
7877 36934
7896 23206
7907 50277
7911 50734
7918 11768
7930 37000
7931 24885
7938 43382
7942 11355
7956 50276
7964 12149
7975 30864
7979 50496
7980 36049
7981 54895
8022 46000
8023 51316
8026 42289
8070 40993
8086 56285
8099 10293
8103 33083
8108 25058
8111 47298
8115 23840
8118 27945
8121 34726
8141 10917
8145 20339
8164 52866
8168 30782
8180 52209
8206 56337
8207 59509
8211 26583
8219 37282
8221 52239
8227 14014
8240 42138
8243 39976
8256 21699
8258 24684
8259 21698
8263 22955
8274 8977
8285 14778
8288 17147
8307 27927
8317 15654
8329 24974
8332 9565
8338 39581
8340 25333
8354 28491
8356 22911
8360 18658
8362 46526
8376 17713
8392 30587
8394 23519
8412 8929
8422 16129
8436 32889
8437 20067
8451 41264
8457 43614
8460 50093
8462 31974
8465 8729
8472 19612
8491 56373
8492 18213
8500 24413
8501 42290
8510 10882
8516 40694
8518 32564
8520 35382
8524 53711
8532 14886
8533 11098
8542 43149
8547 36577
8550 43799
8551 22299
8558 47232
8559 37903
8567 27181
8570 40580
8591 42671
8597 12077
8604 53140
8608 55338
8622 30235
8629 20555
8648 17061
8665 20984
8667 31484
8681 41441
8689 17647
8692 40212
8693 26237
8701 33802
8703 30841
8704 39524
8707 17993
8708 57334
8733 23274
8740 36218
8746 39264
8762 25266
8768 38195
8773 11172
8780 49274
8781 9975
8793 62277
8799 17222
8803 22966
8805 39590
8821 50453
8846 28654
8848 35560
8849 58687
8862 20594
8876 16558
8887 33303
8901 22028
8918 21185
8920 31557
8922 56776
8935 53012
8941 26287
8946 19948
8947 41763
8960 38472
8961 37934
8987 34202
8998 12166
9022 12224
9025 10041
9030 31919
9031 18782
9032 11885
9035 22692
9039 38243
9046 25320
9068 28349
9074 17043
9089 26871
9090 31783
9106 39188
9110 17214
9112 60822
9120 45032
9128 23717
9153 42667
9156 36778
9165 31333
9169 49498
9175 37226
9182 57373
9185 19204
9188 56538
9201 29702
9209 27368
9217 43893
9226 23057
9236 11236
9250 46696
9283 54004
9288 45274
9290 31338
9299 47436
9306 30139
9310 15597
9318 58002
9320 20595
9321 26347
9333 46244
9334 39594
9337 17857
9339 58167
9343 22068
9353 20792
9356 14225
9363 42898
9366 43401
9373 24495
9380 15436
9383 11271
9390 46039
9396 16951
9399 16068
9409 17510
9419 30805
9422 53593
9431 20086
9434 52295
9439 43196
9447 25344
9454 35898
9455 9496
9457 55441
9459 35687
9460 40954
9469 24606
9478 50798
9480 29767
9513 33147
9544 49697
9546 27483
9547 19862
9548 33460
9554 11218
9556 11012
9562 24041
9566 18953
9567 38247
9597 54368
9607 31798
9615 19073
9621 31179
9622 37300
9629 50070
9630 29786
9639 20819
9665 37114
9666 30667
9668 54599
9669 13628
9671 25364
9676 25437
9679 35453
9684 18037
9686 31022
9693 30862
9695 22329
9704 33991
9715 10084
9720 41851
9736 22874
9745 56212
9750 9869
9756 51444
9757 47613
9767 12958
9768 16862
9779 45591
9801 26850
9803 19723
9808 38249
9813 31249
9816 42450
9839 21661
9853 35960
9858 34413
9879 36312
9891 57713
9902 33420
9907 44225
9923 33880
9924 34364
9926 45872
9927 32030
9943 46492
9952 40070
9962 53067
9971 24985
9981 48073
9982 13301
10001 55548
10002 46292
10011 52879
10025 24748
10039 44610
10042 52738
10048 58361
10055 49880
10060 17569
10062 19828
10073 27901
10079 15855
10093 56700
10095 42278
10107 15629
10109 49555
10139 15775
10140 36996
10149 22600
10152 40558
10158 53107
10160 45695
10165 22409
10181 52667
10190 47805
10213 17861
10218 12586
10236 54345
10244 11481
10253 38892
10258 37553
10279 29605
10283 22087
10302 50716
10303 35756
10304 29591
10320 13200
10326 11578
10328 34135
10353 41646
10357 28591
10362 13597
10379 57736
10381 15950
10386 16612
10390 57315
10406 37243
10411 58785
10418 42673
10420 52661
10433 28983
10434 35079
10441 27638
10444 16053
10447 17792
10454 14556
10455 28370
10457 41781
10458 30871
10463 53626
10473 34899
10493 28671
10507 31704
10522 45801
10527 35195
10530 53431
10531 43951
10566 17143
10568 14891
10570 35746
10588 59857
10596 18764
10621 43995
10643 60579
10645 41694
10655 29726
10659 43850
10662 26843
10672 45990
10689 42846
10695 23958
10713 50146
10725 12840
10734 60796
10747 32632
10750 30129
10765 18041
10771 58955
10772 57832
10792 55045
10795 37830
10799 26205
10800 31669
10807 16672
10809 58275
10812 12463
10831 54829
10837 33407
10840 12798
10864 49101
10877 33049
10883 50954
10902 41777
10909 14117
10911 17144
10912 27284
10916 42209
10936 53475
10937 16657
10940 44773
10961 21400
10963 56466
10965 29959
10967 24216
10973 12129
10985 13576
10986 25898
10989 28444
10990 39268
10996 23008
11032 19333
11050 50770
11052 16568
11063 32045
11064 28898
11070 28320
11089 28643
11095 39176
11099 33797
11103 36800
11107 56690
11113 30252
11123 50342
11124 43944
11129 39915
11147 34225
11152 21226
11163 49237
11165 18115
11171 52968
11173 21347
11174 21017
11181 37279
11194 22159
11202 44351
11212 45127
11216 40192
11227 27236
11242 16573
11249 34551
11278 46764
11288 35311
11303 30746
11307 25998
11326 38671
11334 44489
11338 58174
11339 45472
11347 40186
11364 40879
11376 29395
11377 30910
11388 17805
11404 23167
11405 51583
11411 47204
11442 31117
11452 18524
11460 35321
11461 22831
11468 17868
11477 21270
11487 53318
11496 27411
11499 46354
11503 41783
11508 28058
11513 13775
11519 31781
11524 38769
11537 16042
11556 17956
11558 38297
11559 18844
11562 34156
11568 36752
11575 40850
11586 31317
11590 19924
11595 31636
11609 25596
11630 29784
11639 20147
11641 35783
11649 34065
11650 56855
11651 12068
11653 23068
11659 19544
11661 37591
11667 41749
11672 39927
11681 52219
11692 24062
11693 41914
11694 25889
11696 52046
11703 46970
11704 24266
11708 42158
11727 16789
11736 31828
11740 46185
11755 53563
11766 16300
11787 20280
11796 20463
11804 42338
11805 55138
11813 35551
11821 49420
11825 43405
11831 59850
11834 36316
11837 38013
11847 36451
11863 42647
11870 37630
11871 54761
11879 33970
11891 47509
11901 33063
11903 33012
11906 55523
11910 58247
11912 17271
11921 15082
11936 44051
11948 20834
11957 47033
11969 46946
11985 43607
11998 24399
12006 28745
12010 26000
12012 44450
12016 45573
12019 34242
12033 50201
12037 36973
12044 45432
12045 21726
12052 42878
12053 46395
12060 24607
12061 23919
12066 53158
12075 15871
12089 18292
12096 41922
12100 42553
12102 13395
12112 34780
12118 19426
12125 47059
12131 31547
12141 23846
12162 50625
12167 15824
12185 51846
12187 51234
12190 51965
12192 32094
12199 23988
12204 43906
12208 49747
12209 13822
12219 26901
12239 17251
12253 19928
12259 29046
12262 22093
12267 58426
12274 25424
12280 37332
12291 19485
12301 46457
12302 30708
12306 27021
12312 19240
12314 46897
12341 36435
12344 14571
12366 36089
12367 47578
12374 36457
12384 24087
12386 35209
12388 52410
12406 42205
12411 14316
12418 21036
12422 14991
12430 21705
12439 12824
12444 50325
12459 31885
12462 44117
12465 32942
12467 39084
12471 22720
12502 22549
12505 47834
12516 24089
12518 39392
12519 32114
12523 28472
12524 37157
12526 22927
12527 34557
12533 48241
12534 29313
12549 42637
12551 40444
12558 34193
12560 33299
12564 54456
12567 55802
12577 54098
12581 45883
12590 33606
12612 31073
12613 41673
12619 54066
12626 53293
12629 36322
12639 23811
12642 28357
12643 23954
12646 29803
12659 56967
12660 34947
12664 38488
12675 18179
12677 56338
12678 20548
12688 40845
12689 20514
12690 52828
12693 27920
12700 47660
12711 37859
12719 37693
12722 18055
12723 16849
12726 55128
12729 42253
12742 23828
12743 30986
12745 22537
12746 29926
12747 46821
12748 21349
12762 20653
12772 56513
12786 48003
12792 55204
12796 36532
12805 53826
12816 21914
12830 27918
12834 37824
12835 26796
12836 36140
12839 55648
12843 15214
12847 54448
12877 46211
12886 39894
12887 14644
12895 55933
12899 32165
12906 39484
12921 15969
12950 15622
12969 21593
12971 32040
12972 18570
12980 24822
12983 43063
12998 18754
12999 18480
13003 18216
13013 32309
13021 33060
13030 27622
13039 28241
13056 53963
13061 51598
13082 27017
13086 43732
13089 18101
13099 39926
13100 51242
13104 22485
13112 27211
13127 34306
13145 28637
13159 46093
13172 25359
13180 42942
13185 22892
13188 15119
13192 33572
13193 43241
13201 17974
13213 39560
13214 48908
13220 40648
13223 27173
13230 29638
13242 33130
13244 25052
13246 36710
13253 37199
13260 45534
13272 34880
13294 31328
13317 34600
13318 44074
13319 31711
13323 15634
13329 34608
13332 48127
13357 39283
13365 30891
13370 27318
13382 30636
13385 19462
13386 39178
13397 30373
13398 59241
13409 44024
13430 39785
13440 56872
13470 18678
13471 24741
13476 35432
13486 23823
13489 46713
13510 46598
13520 37058
13531 41077
13538 48954
13546 42835
13555 58465
13563 54876
13578 47659
13582 42659
13592 22822
13596 21935
13607 49222
13621 15558
13625 47605
13637 43977
13638 13920
13640 53507
13664 39308
13677 26211
13687 25455
13697 46953
13705 44933
13718 36673
13720 47902
13729 33581
13731 46199
13735 46972
13740 36963
13745 50306
13746 30564
13747 54901
13754 52906
13758 37465
13777 52959
13784 45884
13792 52719
13797 16342
13804 30649
13805 54667
13807 37863
13824 26706
13830 47090
13831 29912
13832 24603
13838 33212
13852 26938
13859 25387
13871 42136
13879 56398
13890 51657
13899 25713
13909 45664
13912 20894
13914 21751
13924 18989
13931 38672
13932 21405
13934 14938
13937 31982
13947 32788
13952 34667
13953 21894
13964 48902
13966 35853
13981 52788
13990 19152
13997 27586
14000 20415
14011 24924
14013 39099
14039 20462
14047 27018
14066 37328
14069 21697
14081 27088
14085 21044
14089 26202
14091 55550
14099 32199
14100 27833
14109 59159
14116 46556
14121 27740
14122 50771
14136 41518
14141 19902
14170 53128
14171 19451
14172 61181
14185 53927
14191 43376
14193 24203
14197 15011
14200 54349
14210 43390
14214 23875
14223 56455
14231 52288
14273 37655
14293 42676
14309 30123
14312 40208
14319 22396
14320 28348
14324 45376
14325 38812
14339 49276
14340 33358
14341 48299
14346 19579
14357 18507
14372 31520
14376 59432
14379 20105
14386 24176
14394 42061
14413 38897
14414 32670
14422 15221
14443 22112
14451 48820
14463 25802
14472 36490
14489 51844
14490 29074
14496 51820
14502 49550
14503 33819
14519 20929
14528 34270
14532 32065
14533 39889
14538 49876
14552 41977
14554 35091
14563 29483
14565 49992
14579 28382
14592 32404
14604 49722
14637 25578
14642 25732
14656 43705
14667 38486
14682 30483
14693 55959
14696 45083
14698 27346
14703 54495
14708 62813
14719 38896
14725 55216
14740 56089
14756 17889
14759 16269
14764 36431
14772 32203
14782 39005
14797 39752
14801 52638
14807 22615
14815 31158
14826 24178
14827 40829
14840 33906
14882 53880
14887 50036
14895 50540
14902 34403
14926 41126
14938 13934
14941 21427
14947 25699
14950 22785
14958 53393
14962 38456
14963 19110
14965 25526
14977 57061
14982 34206
15000 24263
15009 22362
15011 14197
15032 18124
15034 36238
15037 54158
15039 18163
15041 30250
15060 35370
15070 35731
15073 44099
15074 31851
15087 37323
15089 57114
15094 30051
15109 59963
15120 56479
15124 17778
15140 28080
15154 24446
15158 39827
15160 40960
15179 44244
15183 38378
15184 25939
15191 23756
15193 31553
15203 44792
15221 14422
15234 31719
15237 56188
15254 32825
15256 53160
15262 59143
15264 28900
15275 50225
15279 29868
15290 46274
15313 46254
15314 45208
15323 27153
15332 26935
15334 19229
15335 54683
15337 16361
15356 58703
15397 44500
15398 44106
15404 46695
15409 39298
15411 21135
15425 38029
15440 19278
15442 50664
15446 39207
15447 42606
15456 24928
15475 20103
15479 20104
15484 38655
15500 57424
15504 42007
15526 26758
15538 31582
15548 51515
15561 33077
15573 21230
15576 45854
15595 26173
15600 29431
15608 52783
15621 38699
15626 18402
15653 29468
15665 59068
15674 26075
15677 48518
15682 31385
15693 30470
15704 35318
15706 36102
15710 18369
15724 37337
15741 17292
15742 19015
15750 16454
15751 55770
15758 16770
15770 40575
15771 56107
15790 49417
15801 22464
15811 55897
15817 29013
15828 17744
15844 23201
15845 41522
15847 31991
15852 19147
15889 38771
15892 33768
15906 56121
15919 45732
15920 42926
15926 22144
15930 51955
15931 21845
15936 27221
15945 42435
15957 30093
15984 43389
15987 36267
15991 51292
15993 22078
15999 40738
16007 20457
16019 41085
16035 33436
16043 56600
16044 31613
16048 38113
16049 51445
16058 35931
16064 43986
16066 17858
16089 52231
16093 42949
16105 56243
16124 54168
16127 32032
16128 30138
16130 51037
16143 51679
16147 27650
16148 43396
16153 58214
16166 36784
16171 47570
16173 27414
16174 23947
16175 38833
16181 25394
16197 25842
16199 47088
16218 35509
16232 31016
16233 26057
16238 19421
16242 27561
16261 27862
16269 14759
16282 35440
16297 30556
16299 43426
16305 54835
16317 47720
16320 41152
16327 20358
16330 36890
16333 28707
16335 61636
16339 29692
16351 18493
16354 16658
16366 27309
16380 16529
16395 57178
16405 51797
16414 40295
16415 28714
16422 24215
16431 22661
16432 49260
16434 27358
16437 18748
16454 15750
16455 25558
16466 40632
16469 51543
16479 36961
16485 35203
16486 55596
16489 38016
16494 20496
16495 23316
16508 29505
16509 29623
16513 53503
16515 55637
16529 16380
16538 21407
16541 37821
16555 23000
16559 36286
16563 58891
16580 35875
16586 24040
16613 43155
16626 27806
16648 30621
16650 20439
16653 18343
16656 26919
16663 37794
16669 26673
16687 30775
16713 20645
16733 18360
16738 34334
16739 53405
16746 50871
16768 23805
16770 15758
16772 29018
16804 32707
16834 47202
16852 42162
16857 22956
16864 45696
16867 31751
16871 44582
16882 49912
16883 50132
16885 32646
16894 58202
16895 27929
16897 21529
16912 40804
16926 58943
16938 20782
16939 22682
16945 31453
16963 51805
16972 31363
16983 29386
16988 47771
16992 54445
16996 37148
17002 38182
17022 37246
17028 44996
17029 33558
17039 26949
17040 17855
17058 23089
17074 28063
17075 41623
17087 58899
17093 33994
17105 36836
17112 37325
17113 46035
17114 46885
17129 35428
17132 27058
17150 17524
17153 17422
17162 55576
17171 53149
17179 20964
17185 47495
17186 26576
17188 31382
17192 21042
17209 45300
17233 32963
17237 41723
17245 22838
17262 54534
17268 40360
17276 37977
17292 15741
17293 50841
17300 20240
17322 51944
17324 27175
17332 28827
17346 28972
17356 37648
17358 52122
17361 44506
17365 35655
17366 36553
17367 37015
17371 20053
17373 40320
17408 32867
17409 23891
17410 35935
17413 30184
17415 46381
17420 44147
17422 17153
17443 19184
17450 20295
17457 22508
17463 20162
17475 26109
17508 25683
17524 17150
17537 20120
17552 32993
17575 31068
17584 32674
17590 26522
17595 41442
17604 35034
17620 30403
17631 48334
17633 27073
17644 47195
17645 19965
17650 32344
17694 36533
17699 45719
17703 32613
17714 24515
17718 58349
17727 21771
17735 18562
17744 15828
17757 44054
17763 30647
17766 37258
17768 19321
17773 29611
17776 39350
17778 15124
17803 42646
17811 47291
17815 36655
17821 59032
17825 38518
17840 31732
17845 28108
17847 24112
17852 48708
17853 41687
17855 17040
17858 16066
17888 48793
17889 14756
17896 33520
17904 39394
17911 29715
17916 40082
17918 54108
17924 45741
17926 35316
17933 36608
17938 55699
17955 33704
17967 26036
17971 52148
17977 28684
17979 29840
17980 36007
17995 46304
17998 27187
18008 37573
18011 19874
18013 23613
18017 58816
18052 30694
18062 36543
18074 51513
18080 42354
18085 56676
18121 52714
18124 15032
18136 42848
18146 21941
18147 26280
18148 31673
18151 42183
18169 52904
18178 50075
18180 46072
18204 38548
18210 36498
18212 20690
18221 50691
18237 54589
18238 26988
18240 22810
18247 42102
18257 42282
18258 49114
18267 52932
18268 59147
18271 45552
18278 35651
18279 45131
18295 22681
18305 24054
18309 43727
18322 22906
18323 37063
18343 16653
18348 41434
18360 16733
18362 25136
18366 23769
18369 15710
18402 15626
18408 26833
18413 53696
18417 46519
18425 18608
18432 35020
18445 37801
18454 32278
18458 52085
18467 30186
18478 28798
18483 50657
18488 22656
18493 16351
18505 56037
18507 14357
18517 37565
18520 44046
18527 19306
18530 27305
18533 30055
18536 23498
18553 26317
18562 17735
18563 29289
18571 36393
18578 49115
18587 26449
18593 23618
18601 40703
18608 18425
18623 51493
18627 35748
18634 46248
18639 45120
18652 31979
18655 42807
18659 28051
18664 45400
18665 37815
18669 48633
18676 38459
18677 29815
18687 33139
18706 51759
18721 59376
18741 37671
18745 29635
18748 16437
18756 55616
18760 42864
18774 21538
18796 40861
18802 30108
18807 31675
18809 29951
18816 35089
18817 20392
18827 44719
18833 48795
18839 22011
18853 24151
18873 49619
18887 29349
18898 24583
18901 59921
18915 21382
18933 24959
18936 19642
18940 36536
18968 40041
18972 20271
18973 53868
18974 33999
18975 52448
18981 22980
18989 13924
18991 31252
19005 50248
19007 41102
19013 50693
19014 42021
19015 15742
19016 56111
19031 24223
19054 48163
19059 33660
19079 23468
19089 44602
19099 47184
19105 43060
19110 14963
19122 44934
19126 36628
19132 42361
19142 54592
19143 48318
19147 15852
19152 13990
19170 25184
19171 35319
19172 43679
19176 35667
19183 19496
19184 17443
19187 45488
19192 45333
19213 35049
19216 48789
19221 53136
19239 31505
19258 25630
19270 55617
19278 15440
19280 38989
19284 20407
19291 32689
19295 23125
19302 46605
19306 18527
19317 37651
19321 17768
19322 23240
19328 58389
19334 57015
19350 43210
19353 24949
19364 54267
19370 40567
19372 35577
19376 46685
19381 30141
19389 40633
19390 60667
19401 57306
19403 40045
19421 16238
19422 44177
19432 45065
19444 35800
19448 31802
19461 41571
19468 54464
19470 53913
19477 23872
19481 30048
19486 54576
19496 19183
19511 31703
19512 27246
19546 22736
19558 22486
19574 35712
19579 14346
19585 26831
19590 24690
19596 25577
19600 37228
19620 47580
19625 40386
19631 33562
19640 58404
19642 18936
19661 44734
19709 48672
19710 20284
19716 27781
19731 32937
19735 23711
19736 13921
19738 39604
19745 25912
19748 49544
19751 34100
19759 33462
19765 41801
19778 39164
19783 32304
19794 57321
19803 25667
19805 20751
19808 44101
19814 34673
19818 48930
19874 18011
19893 47517
19902 14141
19922 20025
19962 49801
19965 17645
19975 47222
19977 31715
19981 29288
19990 39407
20001 23385
20012 40514
20025 19922
20078 41816
20080 51829
20103 15475
20104 15479
20105 14379
20114 33656
20117 24767
20120 17537
20121 44643
20126 23901
20162 17463
20185 29810
20227 22790
20238 27786
20240 17300
20266 40769
20284 19710
20287 34083
20292 31515
20293 40324
20295 17450
20302 50514
20309 39183
20316 25401
20332 53130
20357 54943
20358 16327
20367 57146
20379 39340
20392 18817
20396 29776
20397 28251
20415 14000
20419 45292
20439 16650
20449 37793
20455 21193
20457 16007
20462 14039
20466 42581
20483 53115
20487 45148
20495 34374
20496 16494
20560 39614
20562 33002
20571 33691
20574 28963
20582 26661
20592 43525
20616 41413
20626 45942
20645 16713
20646 28513
20685 54053
20690 18212
20703 38133
20705 46571
20721 31653
20723 38407
20726 36523
20738 52915
20739 44958
20751 19805
20756 26264
20759 32548
20782 16938
20810 52874
20812 49630
20815 30449
20818 55379
20839 42403
20844 21532
20850 56520
20861 22876
20868 46382
20878 33040
20894 13912
20906 44910
20909 31987
20924 44418
20926 25296
20929 14519
20931 44199
20950 31347
20959 45074
20961 51167
20964 17179
20977 45019
20981 32095
20993 50775
20996 39890
21027 51201
21044 14085
21055 32391
21065 60005
21072 30825
21080 33677
21093 42952
21099 56987
21116 25960
21133 49385
21151 22944
21163 37604
21164 32044
21169 49600
21178 40949
21184 23393
21191 21521
21202 30481
21203 33531
21206 51145
21215 44059
21221 35421
21230 15573
21245 32318
21260 27875
21266 44677
21282 36805
21285 52815
21286 45979
21291 47831
21294 22965
21295 44667
21309 26859
21329 58613
21345 24375
21348 23223
21374 41784
21376 54990
21380 34943
21382 18915
21385 22603
21386 39009
21406 48362
21407 16538
21412 26290
21427 14941
21448 34104
21459 34946
21465 32283
21476 51625
21487 30879
21496 51291
21497 40489
21508 23915
21510 34257
21518 53662
21527 52892
21529 16897
21532 20844
21546 28346
21561 39439
21565 45909
21567 48313
21598 45500
21610 23181
21618 27415
21626 34439
21649 40104
21652 50393
21656 31895
21680 19447
21682 38413
21693 42609
21697 14069
21713 36892
21718 48935
21723 44761
21725 24967
21730 23139
21731 44989
21732 45100
21733 44556
21739 36927
21751 13914
21766 50683
21767 32954
21771 17727
21827 50633
21845 15931
21854 54899
21869 25189
21880 45951
21922 51966
21930 51026
21933 56277
21941 18146
21956 31224
21993 44201
21995 39631
22001 59212
22011 18839
22031 26663
22033 36035
22055 51177
22058 50593
22063 35202
22078 15993
22094 38168
22102 55433
22103 43212
22108 46508
22112 14443
22122 23827
22125 32135
22129 22862
22138 41187
22144 15926
22185 45297
22201 39554
22226 38221
22230 22469
22232 30794
22241 29538
22248 54401
22261 24605
22278 30025
22320 57471
22327 33258
22332 44538
22335 34249
22337 31867
22355 36975
22357 25608
22362 15009
22363 46531
22375 25365
22380 29937
22396 14319
22401 35862
22415 22706
22428 34463
22435 32596
22437 54353
22445 56374
22464 15801
22469 22230
22472 39232
22477 49795
22486 19558
22499 27886
22508 17457
22517 27191
22544 19290
22555 22701
22582 43748
22586 25372
22589 47333
22597 24461
22608 28842
22615 14807
22618 48423
22626 48401
22627 31461
22650 29699
22656 18488
22661 16431
22672 38628
22681 18295
22682 16939
22690 53226
22701 22555
22718 39699
22726 44892
22736 19546
22737 22997
22750 23386
22763 37767
22768 43299
22776 33013
22784 45536
22785 14950
22790 20227
22793 46294
22809 48900
22810 18240
22815 55525
22820 26408
22827 56507
22859 37207
22862 22129
22863 24207
22876 20861
22882 39368
22883 23372
22884 58258
22886 35128
22891 36209
22901 25638
22904 59146
22906 18322
22935 28642
22944 21151
22948 33683
22956 16857
22957 35482
22965 21294
22978 42631
22980 18981
22984 31962
22997 22737
23000 16555
23005 33434
23053 30865
23054 42978
23055 53587
23073 41887
23089 17058
23096 36400
23110 30607
23114 28625
23119 25679
23130 46481
23139 21730
23140 29232
23141 49168
23162 45848
23181 21610
23192 40131
23193 23757
23195 42001
23201 15844
23212 31610
23223 21348
23240 19322
23244 27324
23245 38730
23252 44497
23255 58185
23264 30635
23271 29759
23288 44480
23291 38688
23293 39706
23304 53604
23306 25997
23314 26362
23316 16495
23328 34330
23332 38308
23336 39821
23338 56429
23349 28953
23350 31745
23358 38565
23362 34599
23363 48360
23370 31061
23372 22883
23385 20001
23386 22750
23393 21184
23418 34248
23420 40400
23421 37813
23448 28424
23452 24345
23468 19079
23471 26943
23478 51748
23498 18536
23505 36937
23512 37935
23513 28057
23526 33381
23550 47112
23570 42352
23588 39698
23596 39824
23609 42521
23613 18013
23618 18593
23621 40465
23638 47669
23647 34380
23653 28293
23663 38661
23673 38569
23679 45814
23690 47171
23708 40017
23711 19735
23752 34719
23756 15191
23757 23193
23764 30062
23774 50616
23805 16768
23809 50456
23827 22122
23839 45281
23841 24308
23842 37028
23859 28788
23860 44010
23868 43093
23872 19477
23875 14214
23878 28033
23891 17409
23903 33844
23908 32117
23913 34901
23915 21508
23923 43712
23933 39427
23934 47187
23948 36606
23955 39397
23960 56912
23962 41326
23971 56388
23996 32904
24008 52835
24036 52712
24040 16586
24054 18305
24073 37197
24075 49835
24093 35840
24112 17847
24147 54111
24150 46060
24151 18853
24176 14386
24178 14826
24185 35502
24186 48325
24190 56345
24204 30538
24207 22863
24210 33489
24212 25139
24215 16422
24223 19031
24252 50926
24255 24262
24257 15812
24259 48995
24262 24255
24263 15000
24273 41428
24295 62807
24304 45317
24308 23841
24330 37433
24339 27706
24342 28594
24345 23452
24356 42340
24370 44391
24373 56127
24375 21345
24400 44261
24410 33263
24414 46286
24438 52647
24444 39218
24446 15154
24459 29522
24461 22597
24486 30922
24500 56502
24515 17714
24525 33892
24534 42402
24539 56770
24541 32109
24549 56878
24583 18898
24592 35005
24604 42092
24605 22261
24614 36429
24627 34401
24648 24855
24653 40562
24654 40566
24663 36428
24675 26755
24687 46877
24709 40904
24742 28082
24743 44001
24749 43203
24755 54342
24760 17865
24767 20117
24773 48199
24836 55110
24838 59699
24855 24648
24857 38637
24872 43889
24881 35951
24898 44613
24899 31723
24906 40002
24919 50129
24924 14011
24928 15456
24943 31187
24949 19353
24959 18933
24967 21725
24969 57222
24986 46932
24996 39345
25006 53038
25013 43549
25044 27941
25045 34023
25047 26712
25049 29929
25060 25894
25061 33549
25074 53505
25079 29303
25097 52670
25100 53371
25103 47062
25106 33730
25127 37974
25136 18362
25138 40501
25139 24212
25165 27907
25173 32711
25184 19170
25189 21869
25190 25972
25192 30367
25194 34168
25200 42121
25211 37156
25216 42831
25221 26374
25226 54822
25250 28622
25292 41156
25296 20926
25330 40913
25337 33993
25347 49480
25360 35504
25363 33011
25372 22586
25380 53796
25383 26745
25387 13859
25389 41916
25394 16181
25407 37271
25408 57873
25412 45871
25449 43135
25462 46195
25467 32410
25493 36722
25504 49907
25510 43577
25512 55999
25521 35507
25522 29360
25525 57133
25545 53029
25558 16455
25559 43234
25562 51195
25577 19596
25578 14637
25583 26340
25593 29099
25595 46215
25608 22357
25611 29732
25612 52191
25614 40446
25630 19258
25638 22901
25651 54427
25664 35189
25667 19803
25683 17508
25686 26024
25687 26043
25692 26754
25693 37062
25699 14947
25702 37692
25713 13899
25724 29583
25730 31124
25732 14642
25769 26065
25794 37385
25802 14463
25823 53266
25826 31341
25840 34621
25843 33199
25847 59594
25848 33261
25856 36640
25860 45565
25861 40260
25882 49059
25894 25060
25895 27217
25903 46462
25911 44869
25912 19745
25913 26372
25932 56070
25939 15184
25946 49249
25960 21116
25972 25190
25976 44608
25977 45126
25997 23306
26012 31059
26015 22734
26024 25686
26036 17967
26043 25687
26049 40707
26057 16233
26059 32288
26060 46594
26065 25769
26069 40274
26072 44364
26074 47482
26075 15674
26082 27312
26089 14557
26097 50111
26120 28156
26130 49125
26131 39970
26139 45043
26145 52539
26154 26965
26156 45779
26173 15595
26174 46745
26187 40210
26194 50813
26200 32972
26202 14089
26207 26480
26264 20756
26267 47037
26270 53812
26273 35854
26275 34422
26280 18147
26290 21412
26293 40459
26297 37524
26317 18553
26328 57000
26330 29775
26333 30405
26340 25583
26358 36051
26362 23314
26369 52768
26372 25913
26373 27183
26374 25221
26391 37979
26396 33626
26408 22820
26422 48876
26433 44593
26435 59659
26443 46838
26444 37999
26449 18587
26462 45965
26471 31309
26473 50073
26478 43733
26480 26207
26492 29881
26494 26653
26498 36761
26500 42245
26505 33368
26513 34861
26522 17590
26549 40836
26554 48884
26564 53968
26576 17186
26578 31133
26608 44741
26635 36595
26655 33097
26661 20582
26663 22031
26673 16669
26676 31094
26689 53244
26696 45692
26708 53025
26718 28356
26727 56615
26745 25383
26755 24675
26758 15526
26771 34848
26786 46534
26804 36749
26817 46391
26831 19585
26833 18408
26859 21309
26872 36769
26913 39490
26919 16656
26922 28593
26923 28843
26927 41425
26935 15332
26938 13852
26942 45636
26943 23471
26949 17039
26952 48051
26965 26154
26970 37230
26988 18238
27000 27631
27004 51827
27018 14047
27024 53591
27029 51924
27037 29181
27045 30285
27058 17132
27064 35844
27073 17633
27088 14081
27114 29002
27117 41719
27133 45089
27147 49061
27153 15323
27157 38674
27175 17324
27183 26373
27187 17998
27188 29133
27191 22517
27217 25895
27219 32282
27221 15936
27223 28668
27243 31445
27253 64265
27271 44018
27297 53297
27305 18530
27309 16366
27311 39908
27312 26082
27314 32245
27324 23244
27325 51588
27346 14698
27356 57718
27358 16434
27364 45830
27372 51392
27378 50977
27413 41113
27414 16173
27415 21618
27438 32155
27441 41905
27451 47710
27455 54842
27462 42011
27466 44812
27511 35360
27513 45484
27524 47658
27530 28007
27531 31560
27532 31005
27539 33245
27541 45650
27561 16242
27579 44982
27586 13997
27592 27534
27603 37127
27631 27000
27650 16147
27663 60592
27677 41724
27683 50485
27697 57235
27698 53139
27706 24339
27708 52529
27731 33318
27740 14121
27745 45384
27765 41029
27775 32980
27777 29722
27780 30838
27781 19716
27786 20238
27789 34592
27800 39929
27806 16626
27813 46652
27822 48113
27835 42622
27858 40433
27862 16261
27873 58660
27886 22499
27904 50714
27907 25165
27911 53343
27929 16895
27941 25044
27942 52631
27955 39189
27959 32436
27970 37540
27994 55679
28006 38577
28007 27530
28033 23878
28042 31035
28057 23513
28063 17074
28075 32453
28080 15140
28082 24742
28093 30933
28108 17845
28112 44080
28118 53308
28128 36067
28149 38260
28152 44084
28155 43989
28160 46138
28179 28995
28186 27222
28196 48960
28210 46847
28212 43619
28217 43526
28230 34890
28235 32636
28242 38389
28251 20397
28255 41344
28259 39586
28262 45145
28271 28482
28275 51175
28280 32968
28293 23653
28302 39118
28333 41986
28346 21546
28351 35470
28354 47275
28356 26718
28363 28225
28375 55868
28382 14579
28390 47470
28419 31314
28424 23448
28431 45867
28447 28926
28464 41994
28478 44339
28482 28271
28486 55276
28503 28543
28513 20646
28521 57750
28534 60866
28543 28503
28558 47377
28574 35957
28577 50375
28593 26922
28594 24342
28604 42523
28613 51402
28618 41868
28622 25250
28629 36361
28635 31502
28642 22935
28659 31026
28660 45082
28661 30545
28668 27223
28684 17977
28686 30664
28688 30732
28696 35729
28714 16415
28737 40412
28753 47098
28788 23859
28798 18478
28799 45254
28822 30902
28827 17332
28842 22608
28843 26923
28845 56355
28849 53727
28853 30433
28889 37250
28920 49497
28922 41030
28953 23349
28955 29905
28963 20574
28964 49065
28972 17346
28995 28179
29000 39271
29002 27114
29013 15817
29071 37507
29088 45752
29099 25593
29110 33469
29118 55987
29127 47950
29160 39626
29171 51905
29181 27037
29193 52120
29198 40037
29216 61242
29217 30553
29219 42310
29226 45264
29227 38791
29229 40928
29231 57269
29232 23140
29245 31946
29251 55217
29288 19981
29289 18563
29292 47651
29302 44837
29310 39800
29314 31950
29326 32801
29344 31785
29349 18887
29360 25522
29367 23650
29384 57005
29386 16983
29390 51921
29400 32807
29401 42495
29404 37189
29431 15600
29442 42977
29458 49467
29461 31875
29468 15653
29483 14563
29497 33200
29505 16508
29509 47096
29513 49860
29517 41347
29522 24459
29547 36129
29575 47115
29583 25724
29589 45388
29594 38423
29595 46067
29598 37518
29606 57971
29611 17773
29623 16509
29633 33125
29642 47069
29660 31233
29662 34475
29692 16339
29698 55201
29704 32048
29714 34240
29715 17911
29718 27903
29722 27777
29732 25611
29759 23271
29771 52898
29775 26330
29776 20396
29785 41536
29795 42185
29810 20185
29815 18677
29840 17979
29853 36819
29862 39634
29868 15279
29869 32984
29879 37213
29881 26492
29892 55563
29905 28955
29916 35527
29929 25049
29932 31757
29937 22380
29944 28761
29951 18809
29980 35183
29981 38397
30013 35802
30025 22278
30052 42349
30055 18533
30062 23764
30067 50329
30076 37884
30092 30117
30093 15957
30104 41635
30108 18802
30117 30092
30123 14309
30135 60062
30138 16128
30141 19381
30150 55254
30158 46587
30159 35144
30160 24496
30171 33588
30186 18467
30187 54721
30190 37733
30199 30706
30285 27045
30287 27544
30310 45620
30314 40264
30319 31239
30322 52844
30356 32527
30359 34084
30367 25192
30379 38342
30403 17620
30405 26333
30413 42099
30431 40965
30433 28853
30437 33528
30447 53477
30449 20815
30451 43747
30454 49353
30470 15693
30477 50048
30481 21202
30483 14682
30532 51658
30538 24204
30543 47555
30545 28661
30551 37206
30553 29217
30556 16297
30559 43826
30573 49427
30591 40078
30595 44249
30599 35424
30600 38416
30607 23110
30621 16648
30625 34433
30635 23264
30647 17763
30658 34652
30664 28686
30678 33069
30694 18052
30706 30199
30726 33786
30728 54079
30732 28688
30738 57361
30754 34389
30775 16687
30792 42362
30794 22232
30799 37557
30820 50171
30825 21072
30828 38235
30831 37389
30838 27780
30852 32108
30865 23053
30879 21487
30902 28822
30914 38285
30929 51557
30930 32483
30933 28093
30970 49552
30994 42355
31002 52880
31005 27532
31011 56307
31016 16232
31019 44648
31023 55524
31026 28659
31035 28042
31037 42733
31044 34804
31059 26012
31061 23370
31068 17575
31111 32921
31119 41538
31124 25730
31128 58260
31133 26578
31147 48459
31158 14815
31167 49818
31168 18398
31173 37384
31177 35192
31186 37186
31224 21956
31233 29660
31252 18991
31301 35350
31309 26471
31311 49082
31314 28419
31332 36947
31341 25826
31346 44588
31347 20950
31363 16972
31368 50302
31382 17188
31383 35732
31385 15682
31398 37326
31453 16945
31457 36038
31461 22627
31466 41231
31469 37731
31477 37011
31502 28635
31520 14372
31526 57317
31544 42909
31582 15538
31610 23212
31613 16044
31618 44375
31646 40213
31653 20721
31673 18148
31675 18807
31694 50833
31703 19511
31708 36337
31715 19977
31719 15234
31723 24899
31732 17840
31739 33997
31745 23350
31751 16867
31757 29932
31761 40927
31766 36704
31768 50810
31785 29344
31827 56562
31835 48248
31851 15074
31867 22337
31875 29461
31882 48769
31895 21656
31901 39816
31950 29314
31960 35141
31962 22984
31979 18652
31981 41157
31982 13937
31986 43022
32026 46785
32037 54279
32044 21164
32048 29704
32065 14532
32090 44550
32095 20981
32107 45829
32108 30852
32109 24541
32116 50766
32117 23908
32135 22125
32155 27438
32169 33045
32188 32478
32198 39661
32199 14099
32203 14772
32248 59618
32257 58137
32262 55315
32270 45097
32278 18454
32282 27219
32283 21465
32314 41470
32318 21245
32325 52621
32340 51648
32344 17650
32375 42017
32377 35281
32385 38971
32404 14592
32410 25467
32413 46043
32415 57715
32429 51025
32434 47974
32436 27959
32441 54117
32453 28075
32473 52036
32478 32188
32483 30930
32527 30356
32533 52566
32545 45906
32548 20759
32560 33568
32570 52350
32571 46042
32574 35594
32584 42960
32594 59279
32596 22435
32602 55493
32614 34879
32620 51676
32636 28235
32647 47227
32650 34209
32654 39836
32674 17584
32689 19291
32707 16804
32711 25173
32722 40900
32723 40422
32729 55812
32742 48280
32760 42080
32770 42027
32775 42991
32788 13947
32789 35506
32801 29326
32807 29400
32825 15254
32832 38288
32863 34587
32866 35114
32867 17408
32872 56330
32878 44876
32881 47748
32882 46169
32884 47692
32885 34264
32895 40353
32904 23996
32911 35665
32914 53566
32915 47013
32921 31111
32929 34956
32937 19731
32949 45324
32954 21767
32961 47427
32963 17233
32968 28280
32976 43250
32980 27775
32983 36363
32984 29869
32993 17552
33002 20562
33011 25363
33013 22776
33016 42903
33038 48742
33040 20878
33045 32169
33047 42177
33069 30678
33076 53077
33077 15561
33084 56882
33097 26655
33108 50883
33117 33255
33123 50969
33125 29633
33138 44205
33139 18687
33153 38253
33166 33315
33178 35277
33199 25843
33208 34480
33212 13838
33216 46552
33221 35067
33226 15438
33245 27539
33255 33117
33258 22327
33261 25848
33263 24410
33279 37434
33294 37269
33297 39840
33304 54215
33315 33166
33318 27731
33323 42873
33340 49926
33352 36097
33367 51466
33368 26505
33377 36315
33387 39507
33413 39789
33434 23005
33445 38533
33462 19759
33468 34097
33469 29110
33473 46210
33487 36221
33496 40305
33504 34671
33507 46963
33510 42995
33520 17896
33522 48919
33525 45105
33528 30437
33531 21203
33540 52588
33549 25061
33552 34649
33555 52314
33558 17029
33562 19631
33567 34252
33568 32560
33571 55971
33584 34629
33588 30171
33626 26396
33634 38489
33639 52775
33656 20114
33660 19059
33670 43075
33677 21080
33691 20571
33704 17955
33730 25106
33735 50539
33736 52563
33747 40718
33757 44255
33766 57339
33770 38765
33775 41399
33786 30726
33789 39737
33793 42339
33824 46751
33844 23903
33887 53097
33892 24525
33906 14840
33918 45992
33926 43306
33932 52151
33985 49327
33993 25337
33994 17093
33997 31739
33999 18974
34008 38811
34013 52460
34023 25045
34040 38932
34083 20287
34084 30359
34090 35779
34097 33468
34100 19751
34104 21448
34119 37551
34123 44362
34126 52005
34153 17872
34168 25194
34197 37047
34198 53996
34206 14982
34209 32650
34210 48946
34230 55484
34235 57604
34248 23418
34249 22335
34252 33567
34257 21510
34260 37522
34261 40063
34264 32885
34277 40739
34278 42885
34289 58874
34324 51101
34329 51329
34330 23328
34334 16738
34337 35852
34353 35216
34359 44973
34374 20495
34378 46990
34382 37049
34389 30754
34398 55008
34401 24627
34403 14902
34422 26275
34433 30625
34439 21626
34459 45571
34463 22428
34469 35080
34475 29662
34480 33208
34516 48387
34521 45315
34549 58479
34592 27789
34595 39891
34610 55453
34621 25840
34649 33552
34667 13952
34673 19814
34676 56173
34686 57741
34694 45788
34695 57046
34719 23752
34779 44308
34804 31044
34809 37597
34823 50990
34831 45058
34837 44241
34838 44460
34848 26771
34855 45905
34861 26513
34871 37209
34879 32614
34884 40908
34890 28230
34926 47133
34934 25892
34936 39293
34943 21380
34945 46051
34946 21459
34956 32929
34960 54694
34962 52250
35005 24592
35006 35766
35020 18432
35034 17604
35049 19213
35052 59024
35057 43807
35059 42783
35067 33221
35080 34469
35088 35827
35089 18816
35091 14554
35128 22886
35134 54804
35141 31960
35144 30159
35183 29980
35189 25664
35192 31177
35201 48449
35202 22063
35203 16485
35217 54496
35218 41548
35227 35873
35231 39950
35245 43885
35256 48426
35270 42829
35277 33178
35279 43927
35281 32377
35302 38198
35316 17926
35318 15704
35319 19171
35346 43191
35350 31301
35351 46086
35360 27511
35361 47725
35370 15060
35421 21221
35424 30599
35428 17129
35436 43302
35440 16282
35442 55795
35470 28351
35471 51046
35472 54861
35473 43482
35474 47265
35477 39619
35481 45655
35488 36376
35489 25469
35502 24185
35504 25360
35506 32789
35507 25521
35509 16218
35513 40812
35527 29916
35531 59988
35533 57075
35555 53487
35577 19372
35579 52561
35592 57972
35594 32574
35612 37942
35649 38293
35651 18278
35652 44595
35665 32911
35712 19574
35714 36094
35729 28696
35731 15070
35732 31383
35766 35006
35797 45430
35800 19444
35802 30013
35810 35939
35824 47029
35827 35088
35829 34660
35840 24093
35841 42894
35844 27064
35852 34337
35853 13966
35854 26273
35862 22401
35875 16580
35910 36877
35931 16058
35934 51976
35935 17410
35939 35810
35946 49877
35951 24881
35953 53931
35957 28574
35961 48810
35963 47826
36004 39998
36007 17980
36013 39774
36014 56360
36018 41824
36038 31457
36051 26358
36067 28128
36080 38726
36094 35714
36096 47438
36097 33352
36102 15706
36108 60569
36129 29547
36137 36438
36174 50160
36194 37717
36200 46991
36209 22891
36221 33487
36244 40253
36248 46861
36293 50279
36315 33377
36323 43599
36337 31708
36346 48491
36363 32983
36376 35488
36393 18571
36400 23096
36407 37420
36408 39354
36428 24663
36429 24614
36431 14764
36438 36137
36444 41863
36479 48483
36482 42219
36490 14472
36498 18210
36504 43404
36523 20726
36533 17694
36543 18062
36553 17366
36568 52506
36574 47416
36595 26635
36606 23948
36608 17933
36640 25856
36647 43663
36660 51125
36661 48511
36678 50884
36704 31766
36722 25493
36749 26804
36761 26498
36769 26872
36784 16166
36785 57755
36802 51397
36805 21282
36814 53800
36819 29853
36836 17105
36840 52977
36853 50427
36860 47951
36888 42458
36892 21713
36905 42867
36929 40699
36937 23505
36947 31332
36961 16479
36977 39543
36989 55236
37005 43320
37013 48886
37015 17367
37028 23842
37047 34197
37049 34382
37062 25693
37063 18323
37109 46249
37120 42459
37127 27603
37129 51689
37133 41698
37137 44302
37149 39751
37156 25211
37165 41540
37166 44103
37189 29404
37197 24073
37206 30551
37207 22859
37209 34871
37213 29879
37224 53329
37228 19600
37230 26970
37246 17022
37250 28889
37257 49823
37261 37608
37268 60938
37269 33294
37271 25407
37276 39214
37288 51477
37295 47277
37309 43942
37315 45205
37323 15087
37325 17112
37326 31398
37328 14066
37337 15724
37345 40124
37381 49364
37384 31173
37385 25794
37389 30831
37390 19914
37391 53005
37426 29860
37427 52701
37434 33279
37437 55610
37496 42050
37507 29071
37518 29598
37522 34260
37524 26297
37528 46581
37551 34119
37565 18517
37573 18008
37577 52546
37597 34809
37604 21163
37628 33939
37633 56030
37648 17356
37651 19317
37658 51443
37664 48733
37671 18741
37692 25702
37717 36194
37731 31469
37733 30190
37748 53499
37767 22763
37790 49577
37793 20449
37801 18445
37805 53710
37813 23421
37821 16541
37825 41682
37858 31350
37869 39265
37884 30076
37935 23512
37936 60314
37938 34482
37942 35612
37948 42580
37955 53871
37974 25127
37977 17276
37979 26391
37986 38164
37999 26444
38029 15425
38033 40137
38038 45616
38080 55888
38086 55619
38109 40595
38113 16048
38115 49764
38132 59666
38133 20703
38146 53833
38164 37986
38168 22094
38176 42603
38182 17002
38190 53195
38198 35302
38210 44022
38215 52280
38218 44932
38221 22226
38223 58575
38235 30828
38237 58017
38253 33153
38260 28149
38278 41717
38285 30914
38287 53550
38293 35649
38308 23332
38342 30379
38382 50504
38389 28242
38397 29981
38407 20723
38408 51675
38413 21682
38416 30600
38423 29594
38456 14962
38459 18676
38467 50403
38486 14667
38491 40909
38519 57922
38526 28759
38540 42208
38543 48677
38548 18204
38565 23358
38569 23673
38577 28006
38586 58530
38621 28727
38628 22672
38637 24857
38649 39819
38653 54081
38655 15484
38660 48343
38661 23663
38672 13931
38682 39715
38688 23291
38699 15621
38713 55536
38726 36080
38730 23245
38765 33770
38771 15889
38791 29227
38811 34008
38827 50965
38833 16175
38837 39504
38896 14719
38897 14413
38932 34040
38937 58032
38948 39753
38951 49545
38971 32385
38975 45843
38989 19280
38992 45745
39005 14782
39009 21386
39025 56688
39071 41829
39112 54346
39117 51879
39121 47904
39123 47641
39124 39428
39128 48434
39149 53489
39152 56539
39164 19778
39185 44309
39187 47685
39189 27955
39196 57204
39207 15446
39208 53977
39214 37276
39218 24444
39226 50458
39232 22472
39265 37869
39270 43018
39271 29000
39293 34936
39322 44282
39340 20379
39345 24996
39347 46949
39350 17776
39354 36408
39368 22882
39373 45422
39394 17904
39397 23955
39407 19990
39408 51354
39410 44125
39411 44383
39427 23933
39428 39124
39430 43052
39439 21561
39446 44491
39455 42651
39465 35742
39490 26913
39504 38837
39507 33387
39519 46752
39539 43498
39543 36977
39554 22201
39586 28259
39598 52675
39604 19738
39614 20560
39619 35477
39626 29160
39631 21995
39634 29862
39653 47158
39661 32198
39663 25703
39698 23588
39699 22718
39703 44720
39706 23293
39715 38682
39737 33789
39748 41497
39751 37149
39752 14797
39753 38948
39755 52579
39774 36013
39776 41121
39789 33413
39800 29310
39816 31901
39819 38649
39821 23336
39824 23596
39827 15158
39836 32654
39840 33297
39890 20996
39891 34595
39893 49157
39929 27800
39950 35231
39970 26131
39998 36004
39999 57569
40002 24906
40017 23708
40026 52042
40030 49931
40031 46259
40037 29198
40041 18968
40045 19403
40057 43470
40064 48843
40078 30591
40082 17916
40094 22421
40104 21649
40124 37345
40131 23192
40132 52689
40137 38033
40195 59758
40208 14312
40210 26187
40214 55354
40219 61012
40237 44360
40244 49534
40253 36244
40260 25861
40264 30314
40274 26069
40291 53509
40295 16414
40305 33496
40312 55598
40320 17373
40350 47498
40353 32895
40360 17268
40374 44423
40388 53610
40390 42653
40400 23420
40401 41837
40402 46532
40422 32723
40432 48531
40433 27858
40446 25614
40459 26293
40465 23621
40469 52279
40489 21497
40501 25138
40514 20012
40535 53506
40539 40762
40564 47157
40567 19370
40569 40332
40571 49441
40575 15770
40576 54207
40595 38109
40599 55622
40618 43623
40632 16466
40633 19389
40635 24628
40644 43677
40645 40330
40703 18601
40707 26049
40717 48125
40718 33747
40725 51642
40738 15999
40739 34277
40762 40539
40769 20266
40804 16912
40812 35513
40836 26549
40849 59379
40861 18796
40894 58489
40900 32722
40904 24709
40908 34884
40909 38491
40913 25330
40927 31761
40949 21178
40965 30431
40985 54466
41029 27765
41030 28922
41054 44257
41060 47246
41085 16019
41093 53804
41102 19007
41108 59961
41111 42490
41113 27413
41121 39776
41126 14926
41143 45934
41156 25292
41164 47176
41176 47815
41187 22138
41193 49548
41313 61839
41326 23962
41344 28255
41347 29517
41351 56189
41353 45758
41354 59017
41397 45417
41399 33775
41405 43851
41411 48107
41415 48451
41416 51006
41425 26927
41428 24273
41433 52392
41434 18348
41442 17595
41470 32314
41471 49961
41518 14136
41520 56740
41522 15845
41523 59177
41525 49730
41536 29785
41538 31119
41540 37165
41548 35218
41606 59621
41623 17075
41659 51461
41670 54512
41687 17853
41698 37133
41708 51181
41717 38278
41719 27117
41724 27677
41784 21374
41787 42857
41801 19765
41816 20078
41824 36018
41829 39071
41837 40401
41847 63116
41854 24291
41863 36444
41868 28618
41887 23073
41905 27441
41911 48929
41916 25389
41924 55736
41969 30034
41977 14552
41986 28333
41987 44107
41994 28464
42001 23195
42006 52846
42007 15504
42011 27462
42017 32375
42021 19014
42027 32770
42035 49333
42050 37496
42061 14394
42074 50809
42078 48514
42092 24604
42099 30413
42102 18247
42105 42176
42121 25200
42136 13871
42149 50242
42150 58218
42162 16852
42176 42105
42177 33047
42179 44193
42185 29795
42193 38520
42208 38540
42219 36482
42243 56136
42245 26500
42258 57431
42282 18257
42310 29219
42314 43968
42323 44614
42339 33793
42349 30052
42352 23570
42354 18080
42355 30994
42361 19132
42362 30792
42379 53122
42381 45267
42402 24534
42403 20839
42412 43089
42414 46791
42435 15945
42458 36888
42459 37120
42464 52073
42472 46698
42490 41111
42495 29401
42523 28604
42577 47683
42580 37948
42581 20466
42603 38176
42606 15447
42609 21693
42622 27835
42626 48324
42631 22978
42646 17803
42651 39455
42653 40390
42655 50310
42676 14293
42733 31037
42760 47564
42769 46442
42773 44174
42776 59041
42783 35059
42807 18655
42829 35270
42831 25216
42837 46293
42848 18136
42850 44087
42857 41787
42867 36905
42870 48499
42873 33323
42876 47754
42885 34278
42894 35841
42903 33016
42908 54757
42926 15920
42949 16093
42953 49022
42964 43171
42977 29442
42978 23054
42986 51285
42991 32775
42995 33510
42999 53803
43008 52249
43018 39270
43019 58781
43022 31986
43052 39430
43066 50295
43075 33670
43087 58859
43089 42412
43093 23868
43098 46224
43135 25449
43141 45970
43155 16613
43171 42964
43190 44815
43191 35346
43203 24749
43210 19350
43212 22103
43234 25559
43250 32976
43276 59698
43299 22768
43302 35436
43320 37005
43374 45411
43381 57085
43390 14210
43396 16148
43404 36504
43426 16299
43470 40057
43482 35473
43484 44644
43498 39539
43525 20592
43526 28217
43577 25510
43598 52399
43599 36323
43619 28212
43623 40618
43663 36647
43677 40644
43679 19172
43689 53352
43705 14656
43712 23923
43733 26478
43806 56959
43807 35057
43833 55005
43851 41405
43885 35245
43889 24872
43927 35279
43942 37309
43968 42314
43986 16064
43989 28155
44001 24743
44010 23860
44018 27271
44022 38210
44046 18520
44054 17757
44059 21215
44080 28112
44084 28152
44093 46782
44103 37166
44106 15398
44107 41987
44125 39410
44130 44726
44177 19422
44190 44354
44193 42179
44199 20931
44201 21993
44241 34837
44244 15179
44249 30595
44257 41054
44271 32241
44275 48182
44278 45012
44308 34779
44309 39185
44323 45038
44335 45531
44339 28478
44354 44190
44359 45198
44360 40237
44361 47127
44362 34123
44364 26072
44375 31618
44383 39411
44385 53904
44391 24370
44418 20924
44423 40374
44426 56727
44427 49337
44446 35774
44460 34838
44485 52428
44497 23252
44500 15397
44506 17361
44550 32090
44556 21733
44588 31346
44593 26433
44595 35652
44602 19089
44613 24898
44614 42323
44618 47031
44643 20121
44644 43484
44651 53178
44677 21266
44717 62229
44719 18827
44720 39703
44723 57544
44724 50212
44726 44130
44734 19661
44741 26608
44761 21723
44792 15203
44793 50273
44812 27466
44815 43190
44822 55066
44825 48969
44836 50564
44837 29302
44843 56327
44869 25911
44876 32878
44891 50316
44892 22726
44910 20906
44926 51176
44932 38218
44934 19122
44958 20739
44973 34359
44975 31944
44978 47645
44982 27579
44985 46263
44989 21731
44996 17028
45012 44278
45019 20977
45031 42295
45038 44323
45058 34831
45065 19432
45074 20959
45082 28660
45083 14696
45089 27133
45095 55862
45097 32270
45105 33525
45118 25348
45120 18639
45126 25977
45145 28262
45148 20487
45163 54447
45198 44359
45202 62960
45205 37315
45208 15314
45242 53424
45247 41689
45254 28799
45264 29226
45267 42381
45281 23839
45292 20419
45297 22185
45300 17209
45306 46590
45315 34521
45317 24304
45321 59959
45333 19192
45343 59989
45344 50055
45356 52584
45376 14324
45383 36127
45384 27745
45388 29589
45400 18664
45409 60219
45411 43374
45417 41397
45422 39373
45500 21598
45531 44335
45565 25860
45568 54878
45616 38038
45618 37642
45620 30310
45628 58068
45636 26942
45650 27541
45655 35481
45660 45941
45664 13909
45674 31000
45692 26696
45696 16864
45719 17699
45732 15919
45745 38992
45752 29088
45758 41353
45779 26156
45788 34694
45804 34061
45814 23679
45829 32107
45830 27364
45831 55349
45843 38975
45848 23162
45854 15576
45867 28431
45871 25412
45896 51386
45905 34855
45906 32545
45907 62711
45909 21565
45941 45660
45942 20626
45960 51786
45965 26462
45970 43141
45985 52884
45992 33918
46015 52203
46024 54733
46035 17113
46043 32413
46045 48617
46051 34945
46060 24150
46067 29595
46072 18180
46086 35351
46097 60199
46133 47071
46135 55186
46138 28160
46148 59198
46169 32882
46195 25462
46210 33473
46215 25595
46224 43098
46245 47667
46248 18634
46254 15313
46259 40031
46263 44985
46273 54693
46274 15290
46276 49116
46286 24414
46293 42837
46304 17995
46309 46562
46326 61152
46357 57138
46381 17415
46382 20868
46391 26817
46399 20848
46400 63398
46442 42769
46476 48756
46481 23130
46508 22108
46522 58537
46528 54174
46531 22363
46534 26786
46537 56963
46552 33216
46562 46309
46571 20705
46581 37528
46587 30158
46590 45306
46594 26060
46605 19302
46652 27813
46658 56049
46695 15404
46752 39519
46791 42414
46795 48835
46798 50387
46809 51219
46838 26443
46847 28210
46854 47502
46877 24687
46885 17114
46900 46935
46918 35310
46932 24986
46935 46900
46949 39347
46963 33507
46990 34378
46991 36200
47029 35824
47031 44618
47037 26267
47069 29642
47071 46133
47088 16199
47094 49250
47096 29509
47098 28753
47112 23550
47115 29575
47127 44361
47133 34926
47157 40564
47158 39653
47159 50745
47171 23690
47176 41164
47184 19099
47187 23934
47195 17644
47202 16834
47222 19975
47227 32647
47275 28354
47277 37295
47291 17811
47296 55097
47318 51472
47333 22589
47338 61222
47369 49983
47377 28558
47416 36574
47427 32961
47438 36096
47440 48678
47444 48771
47470 28390
47482 26074
47495 17185
47498 40350
47502 46854
47555 30543
47564 42760
47570 16171
47580 19620
47641 39123
47645 44978
47658 27524
47667 46245
47669 23638
47683 42577
47685 39187
47710 27451
47748 32881
47754 42876
47769 50855
47771 16988
47793 51076
47826 35963
47831 21291
47848 24854
47889 52286
47904 39121
47918 55683
47950 29127
47951 36860
48038 52483
48051 26952
48086 53891
48090 19430
48102 47189
48107 41411
48113 27822
48158 49728
48163 19054
48180 51142
48182 44275
48213 51690
48248 31835
48280 32742
48284 57797
48313 21567
48318 19143
48325 24186
48334 17631
48343 38660
48360 23363
48362 21406
48401 22626
48403 57940
48423 22618
48426 35256
48434 39128
48436 56511
48449 35201
48455 56678
48459 31147
48462 52793
48483 36479
48491 36346
48499 42870
48511 36661
48514 42078
48518 15677
48529 59385
48531 40432
48604 50825
48617 46045
48672 19709
48677 38543
48678 47440
48700 49109
48708 17852
48723 57490
48742 33038
48756 46476
48769 31882
48771 47444
48789 19216
48793 17888
48795 18833
48810 35961
48820 14451
48835 46795
48843 40064
48884 26554
48886 37013
48902 13964
48906 49271
48919 33522
48929 41911
48930 19818
48937 54472
48946 34210
48960 28196
48969 44825
48995 24259
49001 59980
49022 42953
49059 25882
49061 27147
49065 28964
49082 31311
49109 48700
49114 18258
49116 46276
49125 26130
49157 39893
49168 23141
49213 59437
49236 60534
49249 25946
49250 47094
49271 48906
49275 30057
49276 14339
49305 50597
49327 33985
49333 42035
49337 44427
49345 51961
49364 37381
49385 21133
49417 15790
49427 30573
49441 40571
49467 29458
49480 25347
49497 28920
49534 40244
49544 19748
49545 38951
49548 41193
49550 14502
49552 30970
49600 21169
49616 52976
49619 18873
49630 20812
49695 21602
49722 14604
49728 48158
49730 41525
49764 38115
49795 22477
49801 19962
49835 24075
49845 59835
49860 29513
49869 35229
49873 53788
49876 14538
49907 25504
49912 16882
49926 33340
49931 40030
49961 41471
49983 47369
50036 14887
50045 36163
50048 30477
50055 45344
50061 53852
50066 52271
50075 18178
50111 26097
50128 57582
50129 24919
50132 16883
50157 52361
50160 36174
50171 30820
50212 44724
50225 15275
50242 42149
50248 19005
50273 44793
50279 36293
50299 61580
50301 57584
50302 31368
50310 42655
50316 44891
50329 30067
50375 28577
50393 21652
50403 38467
50456 23809
50485 27683
50504 38382
50514 20302
50539 33735
50540 14895
50564 44836
50581 31537
50593 22058
50597 49305
50621 59820
50633 21827
50657 18483
50683 21766
50691 18221
50693 19013
50714 27904
50745 47159
50766 32116
50775 20993
50809 42074
50813 26194
50825 48604
50833 31694
50834 51908
50841 17293
50855 47769
50871 16746
50926 24252
50965 38827
50969 33123
50977 27378
50990 34823
51006 41416
51025 32429
51026 21930
51046 35471
51076 47793
51101 34324
51125 36660
51128 52132
51142 48180
51145 21206
51153 52424
51167 20961
51175 28275
51176 44926
51177 22055
51181 41708
51201 21027
51219 46809
51285 42986
51292 15991
51354 39408
51386 45896
51392 27372
51397 36802
51402 28613
51414 49744
51443 37658
51445 16049
51461 41659
51464 55028
51466 33367
51513 18074
51515 15548
51557 30929
51588 27325
51625 21476
51633 48054
51642 40725
51648 32340
51657 13890
51658 30532
51675 38408
51676 32620
51679 16143
51689 37129
51691 56119
51748 23478
51759 18706
51783 58038
51785 54756
51786 45960
51797 16405
51805 16963
51820 14496
51827 27004
51829 20080
51844 14489
51879 39117
51905 29171
51908 50834
51921 29390
51924 27029
51933 60794
51944 17322
51955 15930
51961 49345
51976 35934
52005 34126
52032 55580
52036 32473
52042 40026
52071 56858
52073 42464
52122 17358
52132 51128
52151 33932
52191 25612
52203 46015
52207 39762
52231 16089
52250 34962
52271 50066
52279 40469
52280 38215
52288 14231
52314 33555
52350 32570
52361 50157
52399 43598
52424 51153
52428 44485
52447 53358
52448 18975
52460 34013
52483 48038
52506 36568
52529 27708
52539 26145
52561 35579
52563 33736
52566 32533
52579 39755
52584 45356
52588 33540
52621 32325
52631 27942
52638 14801
52647 24438
52670 25097
52675 39598
52712 24036
52714 18121
52768 26369
52775 33639
52780 59735
52783 15608
52788 13981
52793 48462
52815 21285
52835 24008
52846 42006
52880 31002
52884 45985
52898 29771
52904 18169
52915 20738
52932 18267
52976 49616
52977 36840
53005 37391
53025 26708
53028 56856
53029 25545
53038 25006
53077 33076
53097 33887
53115 20483
53116 55367
53122 42379
53128 14170
53136 19221
53139 27698
53149 17171
53170 58957
53178 44651
53181 32516
53195 38190
53226 22690
53244 26689
53247 29147
53266 25823
53297 27297
53329 37224
53343 27911
53352 43689
53358 52447
53371 25100
53393 14958
53405 16739
53424 45242
53453 30455
53487 35555
53489 39149
53506 40535
53509 40291
53522 23434
53550 38287
53566 32914
53587 23055
53604 23304
53620 39944
53642 60519
53662 21518
53696 18413
53710 37805
53727 28849
53770 48534
53788 49873
53800 36814
53803 42999
53804 41093
53812 26270
53852 50061
53868 18973
53871 37955
53880 14882
53891 48086
53904 44385
53913 19470
53927 14185
53968 26564
53977 39208
54024 25971
54053 20685
54079 30728
54108 17918
54111 24147
54117 32441
54158 15037
54168 16124
54174 46528
54200 60181
54207 40576
54215 33304
54220 58064
54267 19364
54279 32037
54346 39112
54349 14200
54353 22437
54361 61011
54401 22248
54447 45163
54464 19468
54466 40985
54472 48937
54495 14703
54512 41670
54534 17262
54576 19486
54589 18237
54592 19142
54613 57440
54683 15335
54694 34960
54721 30187
54733 46024
54756 51785
54757 42908
54804 35134
54835 16305
54842 27455
54846 57578
54878 45568
54899 21854
54943 20357
54990 21376
55005 43833
55008 34398
55028 51464
55066 44822
55097 47296
55110 24836
55186 46135
55198 58406
55201 29698
55216 14725
55217 29251
55236 36989
55254 30150
55276 28486
55315 32262
55349 45831
55354 40214
55367 53116
55433 22102
55453 34610
55484 34230
55493 32602
55524 31023
55525 22815
55536 38713
55550 14091
55563 29892
55576 17162
55580 52032
55596 16486
55598 40312
55610 37437
55616 18756
55617 19270
55619 38086
55622 40599
55637 16515
55676 60502
55679 27994
55683 47918
55699 17938
55709 44844
55736 41924
55768 32887
55770 15751
55795 35442
55812 32729
55862 45095
55868 28375
55888 38080
55897 15811
55959 14693
55971 33571
55987 29118
55999 25512
56030 37633
56037 18505
56049 46658
56070 25932
56089 14740
56100 57380
56107 15771
56111 19016
56119 51691
56121 15906
56127 24373
56136 42243
56184 58617
56188 15237
56189 41351
56219 34865
56277 21933
56293 17434
56307 31011
56327 44843
56330 32872
56345 24190
56355 28845
56360 36014
56374 22445
56398 13879
56429 23338
56455 14223
56462 58946
56479 15120
56502 24500
56507 22827
56511 48436
56562 31827
56600 16043
56615 26727
56676 18085
56678 48455
56688 39025
56703 18444
56727 44426
56740 41520
56770 24539
56856 53028
56858 52071
56878 24549
56882 33084
56912 23960
56922 22497
56963 46537
57000 26328
57005 29384
57046 34695
57061 14977
57075 35533
57085 43381
57123 48329
57133 25525
57138 46357
57146 20367
57178 16395
57204 39196
57235 27697
57269 29231
57306 19401
57317 31526
57321 19794
57339 33766
57380 56100
57424 15500
57431 42258
57440 54613
57471 22320
57490 48723
57544 44723
57569 39999
57578 54846
57582 50128
57584 50301
57594 20886
57604 34235
57715 32415
57718 27356
57741 34686
57750 28521
57755 36785
57797 48284
57922 38519
57971 29606
58017 38237
58032 38937
58050 58702
58064 54220
58068 45628
58137 32257
58185 23255
58202 16894
58214 16153
58218 42150
58226 41621
58258 22884
58260 31128
58389 19328
58404 19640
58406 55198
58479 34549
58489 40894
58530 38586
58537 46522
58575 38223
58613 21329
58660 27873
58702 58050
58703 15356
58781 43019
58874 34289
58899 17087
58943 16926
58946 56462
58957 53170
59017 41354
59024 35052
59032 17821
59041 42776
59068 15665
59143 15262
59146 22904
59159 14109
59177 41523
59212 22001
59279 32594
59376 18721
59385 48529
59432 14376
59437 49213
59443 59780
59594 25847
59618 32248
59621 41606
59659 26435
59666 38132
59698 43276
59699 24838
59735 52780
59758 40195
59780 59443
59820 50621
59835 49845
59921 18901
59957 47657
59959 45321
59961 41108
59963 15109
59980 49001
59988 35531
59989 45343
60005 21065
60062 30135
60181 54200
60199 46097
60219 45409
60314 37936
60502 55676
60519 53642
60534 49236
60542 40690
60569 36108
60592 27663
60667 19390
60794 51933
60864 54142
60866 28534
60938 37268
61011 54361
61152 46326
61222 47338
61242 29216
61580 50299
61636 16335
61839 41313
62229 44717
62711 45907
62807 24295
62813 14708
62960 45202
63116 41847
63398 46400
64265 27253
